instance:    1, 20-20-3-10
m,n,p:      20 20 3

       sol_i         t_i      ttot_i       gap_i    best_sol           t        ttot        agap       sigma        iter
          13     0.00166     0.00379           -          13     0.00088     0.00361     1.53846     4.16617          -1
          13     0.00008     0.00352           -
          13     0.00026     0.00362           -
          14     0.00015     0.00362        7.69
          13     0.00094     0.00366           -
          15     0.00004     0.00378       15.38
          13     0.00002     0.00369           -
          13     0.00060     0.00349           -
          13     0.00202     0.00342           -
          13     0.00221     0.00359           -
          13     0.00016     0.00365           -
          13     0.00027     0.00354           -
          13     0.00195     0.00380           -
          13     0.00281     0.00346           -
          13     0.00000     0.00344           -
------------------------------------------------------------------------------------------------------------------------
instance:    2, 20-20-3-50
m,n,p:      20 20 3

       sol_i         t_i      ttot_i       gap_i    best_sol           t        ttot        agap       sigma        iter
           6     0.00312     0.00405           -           6     0.00119     0.00409    12.22222    11.33115          -1
           7     0.00132     0.00407       16.67
           8     0.00044     0.00408       33.33
           8     0.00072     0.00429       33.33
           7     0.00045     0.00406       16.67
           6     0.00080     0.00437           -
           7     0.00041     0.00404       16.67
           6     0.00120     0.00378           -
           7     0.00055     0.00407       16.67
           6     0.00002     0.00408           -
           7     0.00371     0.00418       16.67
           7     0.00017     0.00396       16.67
           6     0.00262     0.00404           -
           7     0.00002     0.00416       16.67
           6     0.00230     0.00414           -
------------------------------------------------------------------------------------------------------------------------
instance:    3, 20-20-6-10
m,n,p:      20 20 6

       sol_i         t_i      ttot_i       gap_i    best_sol           t        ttot        agap       sigma        iter
          14     0.00268     0.00394           -          14     0.00174     0.00388     2.85714     3.49927          -1
          14     0.00315     0.00380           -
          15     0.00012     0.00380        7.14
          14     0.00210     0.00380           -
          15     0.00214     0.00393        7.14
          15     0.00018     0.00402        7.14
          14     0.00069     0.00382           -
          14     0.00258     0.00396           -
          14     0.00070     0.00389           -
          15     0.00145     0.00375        7.14
          14     0.00348     0.00381           -
          15     0.00018     0.00388        7.14
          14     0.00037     0.00396           -
          14     0.00262     0.00397           -
          15     0.00364     0.00390        7.14
------------------------------------------------------------------------------------------------------------------------
instance:    4, 20-20-6-50
m,n,p:      20 20 6

       sol_i         t_i      ttot_i       gap_i    best_sol           t        ttot        agap       sigma        iter
           7     0.00210     0.01204      133.33           3     0.00429     0.01209    88.88889    46.61373          -1
           7     0.00318     0.01247      133.33
           6     0.00797     0.01222      100.00
           6     0.00773     0.01217      100.00
           5     0.00384     0.01233       66.67
           8     0.00185     0.01186      166.67
           3     0.00128     0.01218           -
           5     0.01184     0.01209       66.67
           6     0.00045     0.01166      100.00
           3     0.00116     0.01179           -
           7     0.00141     0.01180      133.33
           5     0.00510     0.01197       66.67
           5     0.00421     0.01238       66.67
           7     0.01022     0.01236      133.33
           5     0.00207     0.01208       66.67
------------------------------------------------------------------------------------------------------------------------
instance:    5, 30-30-3-10
m,n,p:      30 30 3

       sol_i         t_i      ttot_i       gap_i    best_sol           t        ttot        agap       sigma        iter
          26     0.00669     0.01217        4.00          25     0.00380     0.01173     3.46667     1.35974          -1
          26     0.00006     0.01214        4.00
          26     0.00170     0.01170        4.00
          26     0.00174     0.01165        4.00
          25     0.01188     0.01237           -
          26     0.00144     0.01187        4.00
          26     0.00162     0.01192        4.00
          26     0.00270     0.01083        4.00
          26     0.00064     0.01138        4.00
          26     0.00103     0.01177        4.00
          26     0.00223     0.01098        4.00
          26     0.00179     0.01162        4.00
          26     0.00451     0.01145        4.00
          26     0.01088     0.01204        4.00
          25     0.00814     0.01203           -
------------------------------------------------------------------------------------------------------------------------
instance:    6, 30-30-3-30
m,n,p:      30 30 3

       sol_i         t_i      ttot_i       gap_i    best_sol           t        ttot        agap       sigma        iter
          20     0.00599     0.01590       11.11          18     0.00793     0.01548     4.81481     4.91352          -1
          19     0.00704     0.01543        5.56
          18     0.01390     0.01558           -
          18     0.01048     0.01596           -
          18     0.00746     0.01614           -
          18     0.01413     0.01506           -
          21     0.01186     0.01505       16.67
          19     0.00290     0.01563        5.56
          18     0.00019     0.01638           -
          20     0.01053     0.01580       11.11
          19     0.00332     0.01478        5.56
          19     0.00618     0.01578        5.56
          19     0.00873     0.01563        5.56
          19     0.01196     0.01416        5.56
          18     0.00433     0.01485           -
------------------------------------------------------------------------------------------------------------------------
instance:    7, 30-30-3-100
m,n,p:      30 30 3

       sol_i         t_i      ttot_i       gap_i    best_sol           t        ttot        agap       sigma        iter
          10     0.00905     0.02039      100.00           5     0.00695     0.01979    74.66667    38.96437          -1
           9     0.00545     0.02050       80.00
           7     0.00494     0.02035       40.00
           8     0.00903     0.01910       60.00
          12     0.00165     0.01866      140.00
           9     0.00998     0.02090       80.00
          10     0.00056     0.02028      100.00
           9     0.01214     0.01954       80.00
           9     0.00739     0.01963       80.00
           9     0.00938     0.02013       80.00
          12     0.00446     0.01998      140.00
           5     0.00412     0.01940           -
           8     0.00548     0.01766       60.00
           9     0.01699     0.01955       80.00
           5     0.00368     0.02078           -
------------------------------------------------------------------------------------------------------------------------
instance:    8, 30-30-4-10
m,n,p:      30 30 4

       sol_i         t_i      ttot_i       gap_i    best_sol           t        ttot        agap       sigma        iter
          26     0.00057     0.01387        4.00          25     0.00644     0.01392     2.13333     1.99555          -1
          26     0.00575     0.01374        4.00
          25     0.00910     0.01373           -
          26     0.01394     0.01453        4.00
          25     0.00491     0.01387           -
          26     0.00653     0.01361        4.00
          25     0.01256     0.01334           -
          25     0.00481     0.01424           -
          26     0.00339     0.01423        4.00
          25     0.00376     0.01426           -
          26     0.00098     0.01383        4.00
          25     0.01358     0.01410           -
          26     0.00616     0.01377        4.00
          26     0.00545     0.01346        4.00
          25     0.00517     0.01415           -
------------------------------------------------------------------------------------------------------------------------
instance:    9, 30-30-4-30
m,n,p:      30 30 4

       sol_i         t_i      ttot_i       gap_i    best_sol           t        ttot        agap       sigma        iter
          17     0.01464     0.01709           -          17     0.00770     0.01685    10.19608     5.02206          -1
          19     0.00128     0.01699       11.76
          19     0.01429     0.01693       11.76
          18     0.00134     0.01647        5.88
          19     0.00905     0.01719       11.76
          18     0.01291     0.01691        5.88
          19     0.01696     0.01696       11.76
          18     0.00862     0.01698        5.88
          20     0.00361     0.01685       17.65
          20     0.00167     0.01594       17.65
          20     0.00628     0.01612       17.65
          19     0.00353     0.01758       11.76
          18     0.01490     0.01726        5.88
          19     0.00269     0.01661       11.76
          18     0.00373     0.01695        5.88
------------------------------------------------------------------------------------------------------------------------
instance:   10, 30-30-4-100
m,n,p:      30 30 4

       sol_i         t_i      ttot_i       gap_i    best_sol           t        ttot        agap       sigma        iter
           7     0.01781     0.02703       75.00           4     0.01122     0.02663   111.66667    53.90321          -1
           9     0.00704     0.02645      125.00
           9     0.00366     0.02731      125.00
           8     0.00172     0.02485      100.00
           7     0.00012     0.02646       75.00
          10     0.00777     0.02674      150.00
          13     0.01197     0.02776      225.00
           6     0.00265     0.02681       50.00
          11     0.02599     0.02599      175.00
           4     0.02591     0.02645           -
          10     0.01913     0.02718      150.00
           9     0.02611     0.02654      125.00
           6     0.00336     0.02616       50.00
           9     0.00454     0.02676      125.00
           9     0.01055     0.02701      125.00
------------------------------------------------------------------------------------------------------------------------
instance:   11, 30-50-3-10
m,n,p:      30 50 3

       sol_i         t_i      ttot_i       gap_i    best_sol           t        ttot        agap       sigma        iter
          41     0.00420     0.01410           -          41     0.00359     0.01430     0.00000     0.00000         100
          41     0.00947     0.01474           -
          41     0.00180     0.01406           -
          41     0.00503     0.01491           -
          41     0.00129     0.01473           -
          41     0.00281     0.01504           -
          41     0.00439     0.01443           -
          41     0.00068     0.01375           -
          41     0.00052     0.01409           -
          41     0.00382     0.01402           -
          41     0.01169     0.01389           -
          41     0.00114     0.01404           -
          41     0.00263     0.01421           -
          41     0.00361     0.01438           -
          41     0.00078     0.01418           -
------------------------------------------------------------------------------------------------------------------------
instance:   12, 30-50-3-50
m,n,p:      30 50 3

       sol_i         t_i      ttot_i       gap_i    best_sol           t        ttot        agap       sigma        iter
          39     0.01316     0.01806        8.33          36     0.01059     0.01834     6.11111     3.68514          -1
          39     0.00340     0.01847        8.33
          36     0.01120     0.01925           -
          39     0.00751     0.01912        8.33
          40     0.01264     0.01771       11.11
          38     0.00482     0.01819        5.56
          37     0.01710     0.01890        2.78
          39     0.01766     0.01780        8.33
          40     0.00335     0.01951       11.11
          36     0.00154     0.01825           -
          39     0.01849     0.01849        8.33
          38     0.01275     0.01718        5.56
          38     0.01054     0.01825        5.56
          39     0.00700     0.01816        8.33
          36     0.01777     0.01777           -
------------------------------------------------------------------------------------------------------------------------
instance:   13, 30-50-3-100
m,n,p:      30 50 3

       sol_i         t_i      ttot_i       gap_i    best_sol           t        ttot        agap       sigma        iter
          29     0.02703     0.03415       11.54          26     0.02167     0.03603    16.41026     7.36036          -1
          29     0.02970     0.03634       11.54
          31     0.02168     0.03824       19.23
          28     0.01753     0.03564        7.69
          32     0.03091     0.03491       23.08
          31     0.00958     0.03663       19.23
          33     0.03018     0.03566       26.92
          29     0.01986     0.03747       11.54
          26     0.01781     0.03576           -
          32     0.03209     0.03581       23.08
          31     0.03579     0.03611       19.23
          31     0.00527     0.03708       19.23
          32     0.00803     0.03553       23.08
          28     0.03361     0.03499        7.69
          32     0.00600     0.03610       23.08
------------------------------------------------------------------------------------------------------------------------
instance:   14, 30-50-3-200
m,n,p:      30 50 3

       sol_i         t_i      ttot_i       gap_i    best_sol           t        ttot        agap       sigma        iter
          15     0.02590     0.02632        7.14          14     0.01467     0.02581    29.04762    22.35561          -1
          15     0.02425     0.02652        7.14
          14     0.01052     0.02592           -
          18     0.01915     0.02604       28.57
          19     0.00319     0.02672       35.71
          24     0.02244     0.02511       71.43
          24     0.01776     0.02661       71.43
          15     0.00955     0.02473        7.14
          14     0.01363     0.02531           -
          18     0.02085     0.02640       28.57
          18     0.01531     0.02591       28.57
          21     0.00954     0.02518       50.00
          17     0.00843     0.02593       21.43
          19     0.01613     0.02582       35.71
          20     0.00335     0.02468       42.86
------------------------------------------------------------------------------------------------------------------------
instance:   15, 30-50-6-10
m,n,p:      30 50 6

       sol_i         t_i      ttot_i       gap_i    best_sol           t        ttot        agap       sigma        iter
          43     0.00355     0.01669        2.38          42     0.00714     0.01703     2.22222     1.05290          -1
          43     0.00124     0.01715        2.38
          43     0.00488     0.01717        2.38
          42     0.01054     0.01657           -
          43     0.01656     0.01672        2.38
          42     0.01224     0.01671           -
          43     0.01015     0.01718        2.38
          43     0.00354     0.01690        2.38
          43     0.00807     0.01718        2.38
          43     0.01468     0.01754        2.38
          43     0.00877     0.01696        2.38
          44     0.00404     0.01722        4.76
          43     0.00145     0.01685        2.38
          43     0.00010     0.01728        2.38
          43     0.00723     0.01737        2.38
------------------------------------------------------------------------------------------------------------------------
instance:   16, 30-50-6-50
m,n,p:      30 50 6

       sol_i         t_i      ttot_i       gap_i    best_sol           t        ttot        agap       sigma        iter
          36     0.01893     0.03297        9.09          33     0.01879     0.03354    11.11111     4.37969          -1
          37     0.01656     0.03301       12.12
          35     0.00195     0.03449        6.06
          33     0.02114     0.03319           -
          37     0.02444     0.03397       12.12
          38     0.02785     0.03149       15.15
          38     0.01230     0.03346       15.15
          38     0.02016     0.03327       15.15
          36     0.01759     0.03240        9.09
          39     0.02580     0.03411       18.18
          37     0.02463     0.03567       12.12
          36     0.00780     0.03363        9.09
          36     0.00096     0.03369        9.09
          36     0.03297     0.03368        9.09
          38     0.02870     0.03407       15.15
------------------------------------------------------------------------------------------------------------------------
instance:   17, 30-50-6-100
m,n,p:      30 50 6

       sol_i         t_i      ttot_i       gap_i    best_sol           t        ttot        agap       sigma        iter
          30     0.03210     0.05338       15.38          26     0.02511     0.05192    11.79487     5.34171          -1
          30     0.04741     0.05300       15.38
          29     0.02407     0.05014       11.54
          28     0.04347     0.05365        7.69
          29     0.00973     0.05208       11.54
          29     0.01707     0.05201       11.54
          28     0.05076     0.05117        7.69
          29     0.00211     0.05136       11.54
          31     0.00153     0.05364       19.23
          28     0.02697     0.05014        7.69
          30     0.01084     0.05377       15.38
          32     0.04250     0.05182       23.08
          26     0.04913     0.05194           -
          28     0.00441     0.04993        7.69
          29     0.01451     0.05079       11.54
------------------------------------------------------------------------------------------------------------------------
instance:   18, 30-50-6-200
m,n,p:      30 50 6

       sol_i         t_i      ttot_i       gap_i    best_sol           t        ttot        agap       sigma        iter
          19     0.04538     0.04740       46.15          13     0.01527     0.04573    40.51282    19.75524          -1
          17     0.03770     0.04502       30.77
          18     0.00648     0.04331       38.46
          18     0.00238     0.04389       38.46
          21     0.02330     0.04609       61.54
          15     0.00057     0.04265       15.38
          20     0.03128     0.04556       53.85
          16     0.00908     0.04698       23.08
          23     0.00371     0.04907       76.92
          20     0.01625     0.04668       53.85
          17     0.01369     0.04590       30.77
          16     0.00797     0.04777       23.08
          13     0.01811     0.04659           -
          20     0.00423     0.04388       53.85
          21     0.00897     0.04509       61.54
------------------------------------------------------------------------------------------------------------------------
instance:   19, 30-50-10-10
m,n,p:      30 50 10

       sol_i         t_i      ttot_i       gap_i    best_sol           t        ttot        agap       sigma        iter
          45     0.00548     0.02234           -          45     0.00534     0.02216     1.48148     1.32508          -1
          47     0.00458     0.02164        4.44
          45     0.00709     0.02279           -
          46     0.00785     0.02306        2.22
          46     0.00646     0.02219        2.22
          46     0.00336     0.02238        2.22
          45     0.00309     0.02194           -
          46     0.00048     0.02166        2.22
          46     0.00084     0.02171        2.22
          46     0.00187     0.02218        2.22
          45     0.00351     0.02223           -
          45     0.00950     0.02133           -
          45     0.00345     0.02228           -
          46     0.00685     0.02265        2.22
          46     0.01569     0.02202        2.22
------------------------------------------------------------------------------------------------------------------------
instance:   20, 30-50-10-50
m,n,p:      30 50 10

       sol_i         t_i      ttot_i       gap_i    best_sol           t        ttot        agap       sigma        iter
          38     0.00099     0.04518        8.57          35     0.01621     0.04571     4.57143     3.58379          -1
          36     0.04233     0.04654        2.86
          38     0.01713     0.04836        8.57
          35     0.01430     0.04571           -
          38     0.01459     0.04764        8.57
          36     0.00892     0.04459        2.86
          36     0.03793     0.04598        2.86
          37     0.00851     0.04333        5.71
          38     0.01104     0.04427        8.57
          36     0.01853     0.04501        2.86
          39     0.00778     0.04763       11.43
          35     0.02101     0.04452           -
          35     0.02063     0.04531           -
          36     0.01546     0.04508        2.86
          36     0.00407     0.04642        2.86
------------------------------------------------------------------------------------------------------------------------
instance:   21, 30-50-10-100
m,n,p:      30 50 10

       sol_i         t_i      ttot_i       gap_i    best_sol           t        ttot        agap       sigma        iter
          30     0.01785     0.06095       25.00          24     0.02398     0.06433    20.83333     9.12871          -1
          29     0.01361     0.06306       20.83
          29     0.04286     0.06626       20.83
          24     0.02570     0.06300           -
          25     0.02325     0.06337        4.17
          29     0.01083     0.06074       20.83
          28     0.05081     0.06860       16.67
          29     0.00753     0.06871       20.83
          29     0.04427     0.06158       20.83
          33     0.02286     0.06572       37.50
          29     0.06113     0.06611       20.83
          32     0.01055     0.06504       33.33
          31     0.01483     0.06369       29.17
          29     0.00904     0.06209       20.83
          29     0.00450     0.06595       20.83
------------------------------------------------------------------------------------------------------------------------
instance:   22, 30-50-10-200
m,n,p:      30 50 10

       sol_i         t_i      ttot_i       gap_i    best_sol           t        ttot        agap       sigma        iter
          15     0.05475     0.05936           -          15     0.03025     0.05972    22.22222    13.69870          -1
          16     0.03191     0.06410        6.67
          18     0.05849     0.05991       20.00
          22     0.02218     0.05720       46.67
          19     0.01241     0.05993       26.67
          21     0.03077     0.06212       40.00
          18     0.02642     0.05709       20.00
          18     0.00654     0.05912       20.00
          18     0.02513     0.06292       20.00
          16     0.03684     0.06150        6.67
          18     0.02067     0.05961       20.00
          19     0.05343     0.05841       26.67
          19     0.00575     0.05632       26.67
          16     0.00971     0.05947        6.67
          22     0.05877     0.05877       46.67
------------------------------------------------------------------------------------------------------------------------
