instance:    1, 50-300-6-200
m,n,p:      50 300 6

       sol_i         t_i      ttot_i       gap_i    best_sol           t        ttot        agap       sigma        iter
         266     0.17624     0.70341        2.70         259     0.43956     0.74278     1.98198     1.57541          -1
         259     0.31603     0.74901           -
         266     0.50269     0.76073        2.70
         263     0.33789     0.78216        1.54
         270     0.71492     0.73033        4.25
         274     0.75091     0.75912        5.79
         260     0.49767     0.72139        0.39
         267     0.56788     0.74803        3.09
         264     0.27375     0.74640        1.93
         266     0.66431     0.71045        2.70
         264     0.11401     0.75664        1.93
         263     0.45469     0.74334        1.54
         261     0.49210     0.75389        0.77
         259     0.17746     0.74439           -
         260     0.55285     0.73238        0.39
------------------------------------------------------------------------------------------------------------------------
instance:    2, 100-100-3-50
m,n,p:      100 100 3

       sol_i         t_i      ttot_i       gap_i    best_sol           t        ttot        agap       sigma        iter
          89     0.00543     0.42685        2.30          87     0.14791     0.40591     3.06513     1.30493          -1
          91     0.15449     0.42130        4.60
          89     0.03413     0.40847        2.30
          90     0.36218     0.40591        3.45
          91     0.12963     0.37852        4.60
          89     0.08452     0.42568        2.30
          89     0.24970     0.39679        2.30
          91     0.04714     0.39128        4.60
          91     0.01086     0.40605        4.60
          90     0.31417     0.40590        3.45
          87     0.12506     0.39815           -
          89     0.00525     0.40946        2.30
          89     0.29425     0.39872        2.30
          89     0.38204     0.41893        2.30
          91     0.01976     0.39664        4.60
------------------------------------------------------------------------------------------------------------------------
instance:    3, 100-100-3-400
m,n,p:      100 100 3

       sol_i         t_i      ttot_i       gap_i    best_sol           t        ttot        agap       sigma        iter
          71     0.48040     0.75828        2.90          69     0.38099     0.78696     3.76812     2.63540          -1
          69     0.00955     0.81163           -
          72     0.25855     0.81818        4.35
          74     0.63125     0.76304        7.25
          73     0.19371     0.77227        5.80
          74     0.20339     0.75102        7.25
          71     0.71995     0.81161        2.90
          70     0.00001     0.79253        1.45
          70     0.57118     0.80478        1.45
          69     0.38142     0.75677           -
          73     0.69952     0.82048        5.80
          72     0.44401     0.77481        4.35
          74     0.28411     0.80196        7.25
          73     0.62942     0.78949        5.80
          69     0.20840     0.77747           -
------------------------------------------------------------------------------------------------------------------------
instance:    4, 100-300-3-100
m,n,p:      100 300 3

       sol_i         t_i      ttot_i       gap_i    best_sol           t        ttot        agap       sigma        iter
         287     0.54356     0.98552           -         287     0.45448     0.98939     0.48780     0.45519          -1
         287     0.56092     1.02689           -
         287     0.30157     0.92199           -
         289     0.60558     1.00893        0.70
         291     0.39377     0.97673        1.39
         287     0.17975     0.98092           -
         289     0.80415     1.00545        0.70
         289     0.00003     0.98173        0.70
         287     1.00203     1.00203           -
         288     0.18751     0.92418        0.35
         290     0.41083     0.98198        1.05
         289     0.58795     0.92754        0.70
         290     0.36733     1.05205        1.05
         287     0.79940     1.02705           -
         289     0.07275     1.03793        0.70
------------------------------------------------------------------------------------------------------------------------
instance:    5, 100-300-3-200
m,n,p:      100 300 3

       sol_i         t_i      ttot_i       gap_i    best_sol           t        ttot        agap       sigma        iter
         277     0.84739     1.51132        1.47         273     0.66339     1.45342     1.95360     0.79880          -1
         282     0.46849     1.48918        3.30
         273     1.28743     1.52304           -
         279     1.34942     1.47588        2.20
         279     0.90614     1.37691        2.20
         277     0.15626     1.41145        1.47
         280     0.02233     1.50406        2.56
         281     0.65809     1.46118        2.93
         279     0.90697     1.36972        2.20
         277     0.17184     1.39373        1.47
         278     0.44223     1.40103        1.83
         278     0.61685     1.37297        1.83
         278     0.56340     1.53612        1.83
         276     1.10409     1.44519        1.10
         281     0.44988     1.52958        2.93
------------------------------------------------------------------------------------------------------------------------
instance:    6, 100-300-3-400
m,n,p:      100 300 3

       sol_i         t_i      ttot_i       gap_i    best_sol           t        ttot        agap       sigma        iter
         266     1.02190     2.00190        0.38         265     0.84624     2.04840     1.35849     0.58134          -1
         269     0.23744     2.07473        1.51
         268     2.10330     2.10330        1.13
         268     0.95846     2.04495        1.13
         265     1.71476     2.03678           -
         270     1.65586     2.06326        1.89
         270     1.25323     2.04171        1.89
         270     0.38990     2.11674        1.89
         270     0.18332     2.05241        1.89
         268     0.01424     2.06351        1.13
         269     0.89176     2.01892        1.51
         268     0.48731     2.09250        1.13
         271     0.06237     2.08438        2.26
         269     1.19560     1.92284        1.51
         268     0.52419     2.00814        1.13
------------------------------------------------------------------------------------------------------------------------
instance:    7, 100-300-6-100
m,n,p:      100 300 6

       sol_i         t_i      ttot_i       gap_i    best_sol           t        ttot        agap       sigma        iter
         286     1.87575     1.87575        1.78         281     1.06438     1.85362     1.16251     0.62949          -1
         286     1.73269     1.82168        1.78
         286     1.10311     1.85450        1.78
         283     0.78066     1.82390        0.71
         286     1.41649     1.77229        1.78
         283     0.76766     1.80949        0.71
         282     0.21060     1.81954        0.36
         286     0.09143     1.89580        1.78
         285     1.43568     1.93181        1.42
         283     0.84142     1.87215        0.71
         283     0.70865     1.83755        0.71
         287     0.49200     1.81424        2.14
         284     1.86851     1.93171        1.07
         283     0.98681     1.82263        0.71
         281     1.65431     1.92133           -
------------------------------------------------------------------------------------------------------------------------
instance:    8, 100-300-6-200
m,n,p:      100 300 6

       sol_i         t_i      ttot_i       gap_i    best_sol           t        ttot        agap       sigma        iter
         271     2.17332     2.17332        1.88         266     1.16226     2.12184     1.75439     1.16211          -1
         275     0.90954     2.04715        3.38
         270     0.52321     1.99212        1.50
         266     1.22275     2.15358           -
         268     0.16862     2.13725        0.75
         270     2.07346     2.12514        1.50
         275     1.07407     2.05493        3.38
         271     0.87518     2.11881        1.88
         267     2.06049     2.09629        0.38
         271     1.04986     2.20351        1.88
         271     0.49605     2.03976        1.88
         275     0.49832     2.17193        3.38
         269     2.08953     2.12456        1.13
         275     0.81818     2.23678        3.38
         266     1.40129     2.15244           -
------------------------------------------------------------------------------------------------------------------------
instance:    9, 100-300-6-400
m,n,p:      100 300 6

       sol_i         t_i      ttot_i       gap_i    best_sol           t        ttot        agap       sigma        iter
         258     1.28404     3.43830        3.20         250     1.34090     3.55494     2.18667     2.00728          -1
         259     1.64151     3.46014        3.60
         254     0.59451     3.70899        1.60
         256     0.31385     3.42881        2.40
         269     2.63274     3.52011        7.60
         258     1.02755     3.67794        3.20
         256     1.50267     3.58218        2.40
         250     0.79590     3.60202           -
         258     1.49198     3.53284        3.20
         251     2.18041     3.60699        0.40
         260     0.22398     3.71465        4.00
         251     0.58085     3.36868        0.40
         251     3.10562     3.48785        0.40
         251     2.32747     3.61845        0.40
         250     0.41045     3.57610           -
------------------------------------------------------------------------------------------------------------------------
instance:   10, 100-300-10-100
m,n,p:      100 300 10

       sol_i         t_i      ttot_i       gap_i    best_sol           t        ttot        agap       sigma        iter
         282     0.77090     2.32742        1.81         277     1.02720     2.33810     1.73285     0.86643          -1
         285     0.32409     2.30770        2.89
         284     0.23059     2.30662        2.53
         282     1.48834     2.42304        1.81
         283     0.30600     2.37042        2.17
         279     0.42031     2.26609        0.72
         279     0.49309     2.29708        0.72
         281     0.58930     2.40623        1.44
         282     1.38906     2.30261        1.81
         279     1.59278     2.30158        0.72
         285     0.73662     2.41712        2.89
         283     2.44814     2.44814        2.17
         277     1.26772     2.38509           -
         285     1.25741     2.28104        2.89
         281     2.09364     2.23136        1.44
------------------------------------------------------------------------------------------------------------------------
instance:   11, 100-300-10-200
m,n,p:      100 300 10

       sol_i         t_i      ttot_i       gap_i    best_sol           t        ttot        agap       sigma        iter
         264     2.63905     3.10617        3.53         255     1.72584     3.08958     4.41830     3.01550          -1
         265     0.98713     3.02688        3.92
         267     2.96793     3.31003        4.71
         255     1.66592     3.16323           -
         268     2.57323     3.19701        5.10
         266     2.47901     3.04752        4.31
         281     2.22683     3.07424       10.20
         281     1.04930     2.98338       10.20
         256     0.13125     3.11880        0.39
         257     0.12421     3.06585        0.78
         267     1.07147     3.02573        4.71
         271     2.87925     3.13538        6.27
         272     1.78319     2.92266        6.67
         266     0.65531     3.16631        4.31
         258     2.65445     3.00045        1.18
------------------------------------------------------------------------------------------------------------------------
instance:   12, 100-300-10-400
m,n,p:      100 300 10

       sol_i         t_i      ttot_i       gap_i    best_sol           t        ttot        agap       sigma        iter
         242     0.82490     4.46286        3.86         233     2.17007     4.52519     7.32475     3.28531          -1
         252     0.44436     4.73954        8.15
         254     2.63528     4.48640        9.01
         254     0.26876     4.25646        9.01
         251     0.52262     4.60707        7.73
         259     1.32457     4.64560       11.16
         233     2.40901     4.67278           -
         250     4.10964     4.71159        7.30
         256     0.37753     4.44766        9.87
         255     4.07536     4.40967        9.44
         256     4.19279     4.55973        9.87
         235     1.63982     4.46358        0.86
         255     4.41949     4.41949        9.44
         244     2.40090     4.46612        4.72
         255     2.90603     4.52930        9.44
------------------------------------------------------------------------------------------------------------------------
