instance:    1, 30-100-3-10
m,n,p:      30 100 3

       sol_i         t_i      ttot_i       gap_i    best_sol           t        ttot        agap       sigma        iter
          95     0.00570     0.01961        1.06          94     0.00519     0.01987     1.56028     0.85695          -1
          96     0.00674     0.02017        2.13
          96     0.00029     0.01897        2.13
          96     0.01071     0.02078        2.13
          95     0.00845     0.02034        1.06
          96     0.00345     0.02056        2.13
          96     0.00421     0.02067        2.13
          96     0.00310     0.01943        2.13
          96     0.00205     0.01967        2.13
          94     0.00526     0.01890           -
          96     0.00000     0.01982        2.13
          96     0.00701     0.02011        2.13
          94     0.00190     0.01932           -
          94     0.01884     0.01979           -
          96     0.00014     0.01989        2.13
------------------------------------------------------------------------------------------------------------------------
instance:    2, 30-100-3-50
m,n,p:      30 100 3

       sol_i         t_i      ttot_i       gap_i    best_sol           t        ttot        agap       sigma        iter
          86     0.01280     0.02416        1.18          85     0.00995     0.02505     1.33333     1.04051          -1
          88     0.00119     0.02348        3.53
          86     0.01699     0.02509        1.18
          86     0.00406     0.02517        1.18
          85     0.01881     0.02621           -
          86     0.01547     0.02407        1.18
          86     0.01345     0.02437        1.18
          85     0.01625     0.02710           -
          87     0.02198     0.02527        2.35
          85     0.00284     0.02703           -
          86     0.00163     0.02421        1.18
          86     0.01097     0.02488        1.18
          86     0.00503     0.02573        1.18
          86     0.00643     0.02518        1.18
          88     0.00132     0.02377        3.53
------------------------------------------------------------------------------------------------------------------------
instance:    3, 30-100-3-100
m,n,p:      30 100 3

       sol_i         t_i      ttot_i       gap_i    best_sol           t        ttot        agap       sigma        iter
          78     0.00974     0.05431        2.63          76     0.01714     0.05564     4.12281     2.24671          -1
          76     0.01175     0.05281           -
          78     0.02141     0.05527        2.63
          83     0.03020     0.05555        9.21
          78     0.00570     0.05744        2.63
          78     0.01047     0.05589        2.63
          81     0.00588     0.05695        6.58
          80     0.04177     0.05858        5.26
          78     0.00026     0.05401        2.63
          79     0.02053     0.05747        3.95
          81     0.00221     0.05536        6.58
          79     0.02875     0.05408        3.95
          78     0.04081     0.05390        2.63
          81     0.01477     0.05837        6.58
          79     0.01286     0.05454        3.95
------------------------------------------------------------------------------------------------------------------------
instance:    4, 30-100-3-200
m,n,p:      30 100 3

       sol_i         t_i      ttot_i       gap_i    best_sol           t        ttot        agap       sigma        iter
          57     0.05094     0.05094           -          57     0.02636     0.05241     2.45614     2.46448          -1
          57     0.02449     0.05246           -
          58     0.00696     0.05360        1.75
          60     0.05014     0.05296        5.26
          58     0.03639     0.05586        1.75
          57     0.04581     0.05026           -
          59     0.03553     0.05239        3.51
          57     0.01229     0.05024           -
          60     0.00375     0.05141        5.26
          58     0.02262     0.05261        1.75
          60     0.01809     0.05114        5.26
          60     0.00364     0.05440        5.26
          57     0.04496     0.05464           -
          61     0.03473     0.05424        7.02
          57     0.00510     0.04907           -
------------------------------------------------------------------------------------------------------------------------
instance:    5, 30-100-6-10
m,n,p:      30 100 6

       sol_i         t_i      ttot_i       gap_i    best_sol           t        ttot        agap       sigma        iter
          96     0.00049     0.01656           -          96     0.00266     0.01687     0.00000     0.00000          -1
          96     0.00573     0.01670           -
          96     0.00096     0.01671           -
          96     0.00251     0.01708           -
          96     0.00031     0.01688           -
          96     0.00015     0.01684           -
          96     0.00316     0.01661           -
          96     0.00103     0.01707           -
          96     0.00493     0.01690           -
          96     0.00114     0.01701           -
          96     0.00398     0.01682           -
          96     0.00093     0.01689           -
          96     0.00160     0.01719           -
          96     0.00328     0.01699           -
          96     0.00976     0.01677           -
------------------------------------------------------------------------------------------------------------------------
instance:    6, 30-100-6-50
m,n,p:      30 100 6

       sol_i         t_i      ttot_i       gap_i    best_sol           t        ttot        agap       sigma        iter
          85     0.03629     0.04741        3.66          82     0.02084     0.04675     2.84553     1.31094          -1
          86     0.03050     0.04727        4.88
          84     0.00959     0.04715        2.44
          86     0.00628     0.04570        4.88
          84     0.03869     0.04694        2.44
          85     0.04463     0.04821        3.66
          84     0.01291     0.04595        2.44
          84     0.00484     0.04585        2.44
          82     0.00169     0.04595           -
          83     0.03857     0.04568        1.22
          85     0.01347     0.04602        3.66
          85     0.02985     0.04850        3.66
          83     0.03114     0.04748        1.22
          85     0.00489     0.04608        3.66
          84     0.00927     0.04710        2.44
------------------------------------------------------------------------------------------------------------------------
instance:    7, 30-100-6-100
m,n,p:      30 100 6

       sol_i         t_i      ttot_i       gap_i    best_sol           t        ttot        agap       sigma        iter
          76     0.03032     0.08469       10.14          69     0.03856     0.08558     8.11594     3.80877          -1
          73     0.07105     0.08544        5.80
          76     0.02898     0.08529       10.14
          77     0.08168     0.08604       11.59
          77     0.04264     0.08407       11.59
          75     0.01547     0.08416        8.70
          75     0.06542     0.08835        8.70
          69     0.03100     0.08472           -
          75     0.02088     0.08136        8.70
          73     0.01333     0.09028        5.80
          71     0.06860     0.08838        2.90
          77     0.05824     0.08479       11.59
          79     0.00734     0.08782       14.49
          71     0.01592     0.08390        2.90
          75     0.02755     0.08441        8.70
------------------------------------------------------------------------------------------------------------------------
instance:    8, 30-100-6-200
m,n,p:      30 100 6

       sol_i         t_i      ttot_i       gap_i    best_sol           t        ttot        agap       sigma        iter
          54     0.02254     0.06546        5.88          51     0.02187     0.06929     2.35294     3.21792          -1
          51     0.00814     0.07579           -
          53     0.01876     0.06859        3.92
          51     0.00377     0.06958           -
          56     0.05109     0.06957        9.80
          53     0.00648     0.06721        3.92
          51     0.06248     0.07236           -
          51     0.01076     0.06824           -
          51     0.03781     0.06932           -
          51     0.01604     0.06781           -
          51     0.00389     0.06706           -
          51     0.01076     0.06592           -
          53     0.02403     0.06777        3.92
          55     0.00340     0.07153        7.84
          51     0.04804     0.07315           -
------------------------------------------------------------------------------------------------------------------------
instance:    9, 30-100-10-10
m,n,p:      30 100 10

       sol_i         t_i      ttot_i       gap_i    best_sol           t        ttot        agap       sigma        iter
          96     0.00141     0.01734           -          96     0.00054     0.01729     0.00000     0.00000          -1
          96     0.00190     0.01726           -
          96     0.00000     0.01742           -
          96     0.00053     0.01733           -
          96     0.00052     0.01724           -
          96     0.00066     0.01729           -
          96     0.00034     0.01743           -
          96     0.00017     0.01732           -
          96     0.00070     0.01724           -
          96     0.00000     0.01728           -
          96     0.00035     0.01739           -
          96     0.00000     0.01722           -
          96     0.00104     0.01714           -
          96     0.00017     0.01724           -
          96     0.00035     0.01720           -
------------------------------------------------------------------------------------------------------------------------
instance:   10, 30-100-10-50
m,n,p:      30 100 10

       sol_i         t_i      ttot_i       gap_i    best_sol           t        ttot        agap       sigma        iter
          84     0.01395     0.06332        2.44          82     0.03039     0.06574     2.60163     2.03415          -1
          87     0.01815     0.06653        6.10
          82     0.01732     0.06787           -
          83     0.01577     0.06653        1.22
          83     0.06030     0.06776        1.22
          87     0.02187     0.06528        6.10
          85     0.01785     0.06546        3.66
          83     0.01710     0.06404        1.22
          84     0.05989     0.06495        2.44
          85     0.05058     0.06479        3.66
          83     0.00322     0.06685        1.22
          82     0.04936     0.06500           -
          87     0.04622     0.06644        6.10
          83     0.05038     0.06627        1.22
          84     0.01387     0.06504        2.44
------------------------------------------------------------------------------------------------------------------------
instance:   11, 30-100-10-100
m,n,p:      30 100 10

       sol_i         t_i      ttot_i       gap_i    best_sol           t        ttot        agap       sigma        iter
          71     0.04853     0.13830        2.90          69     0.06841     0.13042     9.37198     6.45682          -1
          69     0.10184     0.12923           -
          78     0.03797     0.12880       13.04
          71     0.10191     0.12953        2.90
          80     0.01675     0.12737       15.94
          78     0.08049     0.13227       13.04
          71     0.13169     0.13169        2.90
          79     0.12054     0.12818       14.49
          71     0.03731     0.13388        2.90
          81     0.03729     0.12554       17.39
          69     0.09490     0.12795           -
          77     0.02957     0.13655       11.59
          79     0.08807     0.11990       14.49
          82     0.09309     0.13433       18.84
          76     0.00623     0.13271       10.14
------------------------------------------------------------------------------------------------------------------------
instance:   12, 30-100-10-200
m,n,p:      30 100 10

       sol_i         t_i      ttot_i       gap_i    best_sol           t        ttot        agap       sigma        iter
          60     0.02899     0.08406       22.45          49     0.04630     0.08757     8.57143     5.92423          -1
          55     0.01365     0.08662       12.24
          52     0.06650     0.08911        6.12
          52     0.05326     0.08893        6.12
          50     0.07544     0.08488        2.04
          58     0.06801     0.08481       18.37
          50     0.07199     0.08387        2.04
          52     0.05789     0.09063        6.12
          55     0.07420     0.09386       12.24
          54     0.07976     0.08756       10.20
          54     0.04987     0.08798       10.20
          51     0.01289     0.08377        4.08
          54     0.02658     0.08828       10.20
          52     0.01099     0.09048        6.12
          49     0.00445     0.08871           -
------------------------------------------------------------------------------------------------------------------------
instance:   13, 50-50-3-10
m,n,p:      50 50 3

       sol_i         t_i      ttot_i       gap_i    best_sol           t        ttot        agap       sigma        iter
          47     0.01299     0.04207        2.17          46     0.01419     0.04153     1.01449     1.08454          -1
          46     0.00415     0.04301           -
          47     0.01672     0.04135        2.17
          47     0.00741     0.04239        2.17
          47     0.02098     0.04115        2.17
          46     0.01898     0.04118           -
          46     0.02084     0.04272           -
          46     0.01817     0.04201           -
          46     0.02654     0.03982           -
          47     0.00119     0.04174        2.17
          46     0.02822     0.04379           -
          46     0.01384     0.03879           -
          46     0.00160     0.04119           -
          47     0.02060     0.04066        2.17
          47     0.00062     0.04113        2.17
------------------------------------------------------------------------------------------------------------------------
instance:   14, 50-50-3-50
m,n,p:      50 50 3

       sol_i         t_i      ttot_i       gap_i    best_sol           t        ttot        agap       sigma        iter
          39     0.01484     0.06429        5.41          37     0.02158     0.06633     6.12613     2.50962          -1
          39     0.03359     0.06605        5.41
          39     0.01679     0.06996        5.41
          39     0.01393     0.06742        5.41
          40     0.01256     0.06776        8.11
          40     0.02520     0.06546        8.11
          39     0.01689     0.06493        5.41
          38     0.01634     0.06790        2.70
          41     0.00558     0.06698       10.81
          39     0.06177     0.06469        5.41
          39     0.00000     0.06562        5.41
          40     0.02305     0.06499        8.11
          40     0.01563     0.06917        8.11
          40     0.00677     0.06263        8.11
          37     0.06079     0.06714           -
------------------------------------------------------------------------------------------------------------------------
instance:   15, 50-50-3-100
m,n,p:      50 50 3

       sol_i         t_i      ttot_i       gap_i    best_sol           t        ttot        agap       sigma        iter
          34     0.01663     0.10795        9.68          31     0.05648     0.10668     7.95699     4.54166          -1
          35     0.05890     0.11583       12.90
          32     0.06149     0.10625        3.23
          34     0.10219     0.10748        9.68
          32     0.01953     0.10534        3.23
          32     0.06692     0.09938        3.23
          32     0.07744     0.10710        3.23
          31     0.10050     0.10605           -
          35     0.02286     0.10641       12.90
          35     0.05573     0.10992       12.90
          32     0.07241     0.09684        3.23
          35     0.06319     0.10683       12.90
          34     0.09792     0.10730        9.68
          35     0.02540     0.10925       12.90
          34     0.00606     0.10835        9.68
------------------------------------------------------------------------------------------------------------------------
instance:   16, 50-50-3-400
m,n,p:      50 50 3

       sol_i         t_i      ttot_i       gap_i    best_sol           t        ttot        agap       sigma        iter
          16     0.04134     0.08458      300.00           4     0.05140     0.08962   188.33333    75.75545          -1
          14     0.08488     0.09435      250.00
          10     0.05214     0.09112      150.00
          13     0.06416     0.08566      225.00
           8     0.07263     0.08865      100.00
          15     0.03940     0.08931      275.00
           9     0.04677     0.09251      125.00
          14     0.02827     0.09349      250.00
          10     0.00635     0.09091      150.00
          11     0.04224     0.08679      175.00
          14     0.05693     0.09142      250.00
           4     0.08443     0.08626           -
          12     0.03306     0.09172      200.00
          13     0.03083     0.08851      225.00
          10     0.08753     0.08903      150.00
------------------------------------------------------------------------------------------------------------------------
instance:   17, 50-50-6-10
m,n,p:      50 50 6

       sol_i         t_i      ttot_i       gap_i    best_sol           t        ttot        agap       sigma        iter
          46     0.00798     0.04367        2.22          45     0.01473     0.04435     3.11111     1.35780          -1
          47     0.00000     0.04300        4.44
          46     0.04177     0.04519        2.22
          46     0.03626     0.04613        2.22
          47     0.00418     0.04585        4.44
          46     0.01640     0.04462        2.22
          45     0.00766     0.04579           -
          46     0.01412     0.04453        2.22
          47     0.01567     0.04250        4.44
          46     0.02303     0.04266        2.22
          47     0.00837     0.04405        4.44
          47     0.00934     0.04322        4.44
          47     0.00265     0.04688        4.44
          47     0.00342     0.04263        4.44
          46     0.03003     0.04444        2.22
------------------------------------------------------------------------------------------------------------------------
instance:   18, 50-50-6-50
m,n,p:      50 50 6

       sol_i         t_i      ttot_i       gap_i    best_sol           t        ttot        agap       sigma        iter
          35     0.02557     0.09199       16.67          30     0.04049     0.09655    13.77778     6.19039          -1
          35     0.02071     0.09663       16.67
          33     0.05755     0.09625       10.00
          33     0.09187     0.09904       10.00
          36     0.08978     0.09710       20.00
          37     0.02998     0.09967       23.33
          32     0.03478     0.09265        6.67
          35     0.04455     0.09478       16.67
          32     0.05246     0.09622        6.67
          35     0.03578     0.09813       16.67
          30     0.01036     0.09213           -
          37     0.02395     0.09471       23.33
          34     0.00401     0.10310       13.33
          34     0.06913     0.09646       13.33
          34     0.01692     0.09930       13.33
------------------------------------------------------------------------------------------------------------------------
instance:   19, 50-50-6-100
m,n,p:      50 50 6

       sol_i         t_i      ttot_i       gap_i    best_sol           t        ttot        agap       sigma        iter
          32     0.00001     0.18786       10.34          29     0.08658     0.18931     9.65517     5.93264          -1
          30     0.02390     0.19587        3.45
          33     0.10088     0.18164       13.79
          30     0.17722     0.19162        3.45
          31     0.16534     0.19763        6.90
          30     0.05459     0.18679        3.45
          29     0.03947     0.18117           -
          32     0.12914     0.19452       10.34
          30     0.05016     0.19048        3.45
          34     0.06145     0.17892       17.24
          32     0.19089     0.20398       10.34
          34     0.01544     0.18431       17.24
          32     0.13281     0.17954       10.34
          35     0.02701     0.19555       20.69
          33     0.13038     0.18970       13.79
------------------------------------------------------------------------------------------------------------------------
instance:   20, 50-50-6-400
m,n,p:      50 50 6

       sol_i         t_i      ttot_i       gap_i    best_sol           t        ttot        agap       sigma        iter
          14     0.01574     0.12705      366.67           3     0.05446     0.12580   204.44444   106.71295          -1
           7     0.08184     0.12860      133.33
          12     0.04364     0.12642      300.00
          12     0.09176     0.11980      300.00
           7     0.11081     0.12966      133.33
           5     0.11411     0.11671       66.67
          12     0.01812     0.12378      300.00
           9     0.11140     0.13534      200.00
          13     0.06180     0.13148      333.33
          11     0.00329     0.12048      266.67
           7     0.00962     0.12343      133.33
          10     0.00000     0.12630      233.33
          10     0.00639     0.12469      233.33
           3     0.05613     0.12702           -
           5     0.09229     0.12629       66.67
------------------------------------------------------------------------------------------------------------------------
instance:   21, 50-50-10-10
m,n,p:      50 50 10

       sol_i         t_i      ttot_i       gap_i    best_sol           t        ttot        agap       sigma        iter
          46     0.00278     0.04356        2.22          45     0.01533     0.04392     2.22222     1.40546          -1
          46     0.02641     0.04256        2.22
          47     0.00478     0.04490        4.44
          47     0.00405     0.04499        4.44
          46     0.02622     0.04470        2.22
          45     0.04337     0.04524           -
          45     0.01772     0.04387           -
          46     0.01578     0.04568        2.22
          46     0.00203     0.04378        2.22
          45     0.00365     0.04491           -
          46     0.01795     0.04250        2.22
          47     0.00047     0.04335        4.44
          46     0.00888     0.04376        2.22
          46     0.02917     0.04144        2.22
          46     0.02667     0.04359        2.22
------------------------------------------------------------------------------------------------------------------------
instance:   22, 50-50-10-50
m,n,p:      50 50 10

       sol_i         t_i      ttot_i       gap_i    best_sol           t        ttot        agap       sigma        iter
          37     0.00697     0.10580       15.62          32     0.05477     0.10797     7.29167     5.66728          -1
          37     0.02288     0.10218       15.62
          35     0.07668     0.11078        9.38
          34     0.02977     0.10615        6.25
          32     0.08625     0.10830           -
          32     0.10369     0.10680           -
          35     0.05744     0.10569        9.38
          32     0.06422     0.10826           -
          32     0.05804     0.10963           -
          37     0.01366     0.11115       15.62
          34     0.07551     0.10318        6.25
          33     0.03398     0.10967        3.12
          34     0.06564     0.10682        6.25
          35     0.02290     0.11068        9.38
          36     0.10394     0.11446       12.50
------------------------------------------------------------------------------------------------------------------------
instance:   23, 50-50-10-100
m,n,p:      50 50 10

       sol_i         t_i      ttot_i       gap_i    best_sol           t        ttot        agap       sigma        iter
          29     0.07786     0.20298       16.00          25     0.07854     0.20789    14.13333     5.81798          -1
          29     0.03302     0.21362       16.00
          29     0.04189     0.20480       16.00
          29     0.04514     0.20471       16.00
          30     0.07730     0.20028       20.00
          30     0.05846     0.20616       20.00
          28     0.08273     0.20295       12.00
          30     0.04018     0.21092       20.00
          27     0.03547     0.21903        8.00
          29     0.18120     0.21375       16.00
          30     0.14043     0.20795       20.00
          28     0.18838     0.20695       12.00
          25     0.01037     0.21744           -
          26     0.13898     0.20206        4.00
          29     0.02666     0.20483       16.00
------------------------------------------------------------------------------------------------------------------------
instance:   24, 50-50-10-400
m,n,p:      50 50 10

       sol_i         t_i      ttot_i       gap_i    best_sol           t        ttot        agap       sigma        iter
          11     0.05660     0.14367       83.33           6     0.06134     0.14107    61.11111    26.98880          -1
           9     0.14001     0.14728       50.00
           9     0.13011     0.13724       50.00
           8     0.03452     0.13822       33.33
          10     0.00001     0.14208       66.67
          10     0.01080     0.14553       66.67
           9     0.11204     0.14689       50.00
          13     0.03175     0.13992      116.67
           9     0.01633     0.13481       50.00
           9     0.11957     0.13901       50.00
          10     0.02423     0.13841       66.67
           9     0.07628     0.14015       50.00
           6     0.04586     0.13844           -
          12     0.02487     0.14343      100.00
          11     0.09717     0.14092       83.33
------------------------------------------------------------------------------------------------------------------------
instance:   25, 50-100-3-10
m,n,p:      50 100 3

       sol_i         t_i      ttot_i       gap_i    best_sol           t        ttot        agap       sigma        iter
          96     0.02581     0.06196        1.05          95     0.02898     0.06135     0.77193     0.46549          -1
          96     0.01830     0.06065        1.05
          96     0.02162     0.06000        1.05
          95     0.03453     0.06044           -
          96     0.03511     0.06402        1.05
          96     0.00712     0.06143        1.05
          96     0.03866     0.06196        1.05
          95     0.00566     0.06011           -
          95     0.05687     0.06029           -
          95     0.01156     0.06077           -
          96     0.01746     0.05932        1.05
          96     0.05033     0.06218        1.05
          96     0.01487     0.05995        1.05
          96     0.04573     0.06211        1.05
          96     0.05104     0.06500        1.05
------------------------------------------------------------------------------------------------------------------------
instance:   26, 50-100-3-50
m,n,p:      50 100 3

       sol_i         t_i      ttot_i       gap_i    best_sol           t        ttot        agap       sigma        iter
          89     0.00599     0.11745        4.71          85     0.04033     0.11624     3.76471     1.97796          -1
          87     0.06571     0.11733        2.35
          88     0.04033     0.11509        3.53
          85     0.00240     0.11739           -
          87     0.00613     0.12113        2.35
          87     0.08412     0.11221        2.35
          90     0.01026     0.11527        5.88
          90     0.03443     0.11428        5.88
          92     0.01690     0.11740        8.24
          90     0.00981     0.11745        5.88
          88     0.03277     0.11151        3.53
          87     0.09730     0.11900        2.35
          88     0.07770     0.11840        3.53
          87     0.04624     0.11359        2.35
          88     0.07481     0.11613        3.53
------------------------------------------------------------------------------------------------------------------------
instance:   27, 50-100-3-100
m,n,p:      50 100 3

       sol_i         t_i      ttot_i       gap_i    best_sol           t        ttot        agap       sigma        iter
          85     0.00291     0.10319        2.41          83     0.03271     0.11265     2.48996     1.35360          -1
          83     0.02870     0.11028           -
          86     0.05589     0.12379        3.61
          85     0.09856     0.11911        2.41
          85     0.00327     0.10901        2.41
          85     0.02272     0.11706        2.41
          87     0.03357     0.12539        4.82
          86     0.00458     0.10547        3.61
          87     0.03178     0.11133        4.82
          84     0.01570     0.10891        1.20
          84     0.03622     0.11082        1.20
          84     0.00835     0.10847        1.20
          85     0.04781     0.11193        2.41
          86     0.05190     0.11404        3.61
          84     0.04874     0.11098        1.20
------------------------------------------------------------------------------------------------------------------------
instance:   28, 50-100-3-400
m,n,p:      50 100 3

       sol_i         t_i      ttot_i       gap_i    best_sol           t        ttot        agap       sigma        iter
          51     0.08626     0.29447       21.43          42     0.15718     0.30518    32.85714    14.29100          -1
          42     0.22442     0.29791           -
          64     0.19929     0.30657       52.38
          47     0.23637     0.28841       11.90
          57     0.04716     0.31171       35.71
          59     0.06969     0.30677       40.48
          62     0.08512     0.32392       47.62
          55     0.30741     0.31446       30.95
          61     0.01286     0.31369       45.24
          61     0.12929     0.30696       45.24
          56     0.29013     0.30439       33.33
          59     0.11192     0.31297       40.48
          54     0.08420     0.29009       28.57
          49     0.26900     0.29826       16.67
          60     0.20462     0.30717       42.86
------------------------------------------------------------------------------------------------------------------------
instance:   29, 50-100-6-10
m,n,p:      50 100 6

       sol_i         t_i      ttot_i       gap_i    best_sol           t        ttot        agap       sigma        iter
          97     0.00629     0.06845        2.11          95     0.02622     0.07038     1.47368     0.74927          -1
          95     0.01737     0.07137           -
          97     0.04038     0.06761        2.11
          97     0.02411     0.07172        2.11
          96     0.04502     0.07319        1.05
          96     0.03586     0.07253        1.05
          97     0.03476     0.07283        2.11
          96     0.00001     0.06963        1.05
          97     0.03300     0.07374        2.11
          97     0.01221     0.07037        2.11
          96     0.05384     0.07271        1.05
          95     0.04302     0.06800           -
          97     0.00819     0.06755        2.11
          96     0.01068     0.06456        1.05
          97     0.02860     0.07138        2.11
------------------------------------------------------------------------------------------------------------------------
instance:   30, 50-100-6-50
m,n,p:      50 100 6

       sol_i         t_i      ttot_i       gap_i    best_sol           t        ttot        agap       sigma        iter
          90     0.09673     0.17366       11.11          81     0.08606     0.17427     6.83128     3.54579          -1
          88     0.08153     0.17683        8.64
          85     0.03934     0.17521        4.94
          88     0.00818     0.17228        8.64
          88     0.13807     0.17910        8.64
          85     0.11390     0.17074        4.94
          87     0.11974     0.15684        7.41
          82     0.09354     0.17726        1.23
          88     0.10977     0.17707        8.64
          90     0.11832     0.16655       11.11
          81     0.03161     0.18593           -
          87     0.11430     0.17338        7.41
          83     0.09534     0.16199        2.47
          91     0.00705     0.17870       12.35
          85     0.12344     0.18851        4.94
------------------------------------------------------------------------------------------------------------------------
instance:   31, 50-100-6-100
m,n,p:      50 100 6

       sol_i         t_i      ttot_i       gap_i    best_sol           t        ttot        agap       sigma        iter
          79     0.16543     0.19043        3.95          76     0.10128     0.19922     6.92982     2.73763          -1
          82     0.01506     0.19573        7.89
          82     0.03231     0.18512        7.89
          84     0.19251     0.20981       10.53
          82     0.13371     0.19684        7.89
          79     0.08044     0.21020        3.95
          81     0.03890     0.20858        6.58
          81     0.02740     0.18611        6.58
          82     0.04981     0.19007        7.89
          76     0.16546     0.19753           -
          82     0.04395     0.21353        7.89
          81     0.19186     0.19772        6.58
          84     0.10363     0.19845       10.53
          84     0.08758     0.21140       10.53
          80     0.19116     0.19672        5.26
------------------------------------------------------------------------------------------------------------------------
instance:   32, 50-100-6-400
m,n,p:      50 100 6

       sol_i         t_i      ttot_i       gap_i    best_sol           t        ttot        agap       sigma        iter
          57     0.20092     0.32655       18.75          48     0.11725     0.32560    15.83333    11.95090          -1
          64     0.27485     0.33751       33.33
          55     0.07377     0.33138       14.58
          48     0.04967     0.32783           -
          53     0.04872     0.32017       10.42
          50     0.05627     0.31156        4.17
          62     0.12974     0.33202       29.17
          51     0.21427     0.32790        6.25
          49     0.08761     0.32673        2.08
          65     0.05268     0.32968       35.42
          54     0.03911     0.32165       12.50
          51     0.25538     0.32066        6.25
          65     0.09450     0.31782       35.42
          52     0.00980     0.32815        8.33
          58     0.17146     0.32440       20.83
------------------------------------------------------------------------------------------------------------------------
instance:   33, 50-100-10-10
m,n,p:      50 100 10

       sol_i         t_i      ttot_i       gap_i    best_sol           t        ttot        agap       sigma        iter
          97     0.04913     0.05663           -          97     0.02383     0.05803     1.03093     0.75288          -1
          99     0.00001     0.05894        2.06
          99     0.00001     0.06087        2.06
          98     0.00178     0.05938        1.03
          98     0.05450     0.06269        1.03
          98     0.00454     0.05342        1.03
          99     0.00001     0.05671        2.06
          97     0.04504     0.05784           -
          98     0.05613     0.05786        1.03
          99     0.00285     0.05499        2.06
          98     0.02778     0.05471        1.03
          98     0.02509     0.05762        1.03
          97     0.04925     0.05758           -
          97     0.02451     0.06400           -
          98     0.01683     0.05716        1.03
------------------------------------------------------------------------------------------------------------------------
instance:   34, 50-100-10-50
m,n,p:      50 100 10

       sol_i         t_i      ttot_i       gap_i    best_sol           t        ttot        agap       sigma        iter
          89     0.03093     0.21903        1.14          88     0.10496     0.21758     1.06061     0.87696          -1
          89     0.03659     0.21299        1.14
          89     0.04254     0.23331        1.14
          89     0.06285     0.22382        1.14
          89     0.14834     0.22637        1.14
          89     0.20314     0.22346        1.14
          88     0.05677     0.22455           -
          91     0.06673     0.23819        3.41
          89     0.11116     0.22237        1.14
          88     0.20538     0.20701           -
          88     0.16925     0.20601           -
          89     0.17358     0.20325        1.14
          88     0.10562     0.21233           -
          89     0.09384     0.21453        1.14
          90     0.06764     0.19645        2.27
------------------------------------------------------------------------------------------------------------------------
instance:   35, 50-100-10-100
m,n,p:      50 100 10

       sol_i         t_i      ttot_i       gap_i    best_sol           t        ttot        agap       sigma        iter
          80     0.02151     0.22351        5.26          76     0.12017     0.23491     5.17544     2.47175          -1
          82     0.14676     0.25025        7.89
          80     0.19575     0.23449        5.26
          78     0.17234     0.24302        2.63
          80     0.07569     0.22962        5.26
          80     0.15353     0.23174        5.26
          76     0.03901     0.22975           -
          77     0.02876     0.24954        1.32
          82     0.13555     0.22933        7.89
          79     0.02537     0.23582        3.95
          82     0.07593     0.23532        7.89
          79     0.20140     0.22150        3.95
          83     0.22601     0.25199        9.21
          80     0.12437     0.23095        5.26
          81     0.18054     0.22684        6.58
------------------------------------------------------------------------------------------------------------------------
instance:   36, 50-100-10-400
m,n,p:      50 100 10

       sol_i         t_i      ttot_i       gap_i    best_sol           t        ttot        agap       sigma        iter
          56     0.12478     0.50263        9.80          51     0.31706     0.51536     8.10458     4.22770          -1
          58     0.46817     0.51685       13.73
          56     0.23273     0.51877        9.80
          53     0.46139     0.52166        3.92
          54     0.44811     0.52408        5.88
          51     0.34128     0.53282           -
          55     0.37866     0.50998        7.84
          56     0.00849     0.51617        9.80
          52     0.37927     0.50618        1.96
          54     0.01031     0.53521        5.88
          53     0.15107     0.48863        3.92
          57     0.51061     0.51061       11.76
          56     0.41864     0.54270        9.80
          58     0.36417     0.52318       13.73
          58     0.45819     0.48097       13.73
------------------------------------------------------------------------------------------------------------------------
