instance:    1, 100-150-3-50
m,n,p:      100 150 3

       sol_i         t_i      ttot_i       gap_i    best_sol           t        ttot        agap       sigma        iter
         146     0.00002     0.03989        4.29         140     0.01633     0.04199     2.09524     1.05839          10
         144     0.03199     0.04438        2.86
         143     0.00002     0.04576        2.14
         142     0.03204     0.04296        1.43
         143     0.02632     0.04337        2.14
         143     0.00001     0.03994        2.14
         141     0.00672     0.04373        0.71
         140     0.01454     0.03495           -
         145     0.00431     0.04283        3.57
         144     0.03474     0.04510        2.86
         142     0.00374     0.03990        1.43
         142     0.00557     0.03670        1.43
         143     0.02300     0.04207        2.14
         142     0.04642     0.04642        1.43
         144     0.01554     0.04183        2.86
------------------------------------------------------------------------------------------------------------------------
instance:    2, 100-150-3-100
m,n,p:      100 150 3

       sol_i         t_i      ttot_i       gap_i    best_sol           t        ttot        agap       sigma        iter
         137     1.93640     2.03228        1.48         135     1.22222     2.02776     1.23457     0.96265          -1
         135     1.30369     1.96546           -
         135     1.31008     2.01340           -
         135     1.44538     1.98400           -
         140     0.36594     2.06620        3.70
         137     0.26962     2.03362        1.48
         135     1.55229     2.03339           -
         136     1.40903     2.00485        0.74
         138     1.75021     2.12086        2.22
         137     0.04219     1.96418        1.48
         137     1.97614     2.00562        1.48
         137     0.47437     2.07708        1.48
         137     1.06719     1.98097        1.48
         137     1.45124     2.10657        1.48
         137     1.97954     2.02791        1.48
------------------------------------------------------------------------------------------------------------------------
instance:    3, 100-150-6-50
m,n,p:      100 150 6

       sol_i         t_i      ttot_i       gap_i    best_sol           t        ttot        agap       sigma        iter
         138     1.42452     2.10995        2.99         134     0.74920     2.03213     2.68657     1.11691          -1
         138     0.67094     1.97808        2.99
         138     0.17521     2.08114        2.99
         139     0.60140     2.04897        3.73
         137     0.45224     1.99935        2.24
         134     0.81995     2.01986           -
         137     0.56389     1.97395        2.24
         139     0.08640     2.06778        3.73
         136     1.95782     1.99275        1.49
         139     0.53098     1.98179        3.73
         138     1.45859     2.03072        2.99
         139     0.58617     2.08439        3.73
         139     0.53623     2.02008        3.73
         135     0.92564     2.05395        0.75
         138     0.44799     2.03919        2.99
------------------------------------------------------------------------------------------------------------------------
instance:    4, 100-150-6-100
m,n,p:      100 150 6

       sol_i         t_i      ttot_i       gap_i    best_sol           t        ttot        agap       sigma        iter
         135     1.97920     3.71640        2.27         132     2.01934     3.75860     1.21212     0.77258          -1
         135     3.66682     3.83310        2.27
         134     3.39017     3.80087        1.52
         134     0.99690     3.73876        1.52
         134     3.24464     3.76979        1.52
         134     1.06808     3.64953        1.52
         135     0.43055     3.71898        2.27
         133     1.46555     3.78841        0.76
         132     0.32912     3.83119           -
         132     3.75812     3.81146           -
         134     3.27692     3.79345        1.52
         132     0.73009     3.70878           -
         134     3.32735     3.75290        1.52
         133     0.56288     3.70329        0.76
         133     2.06364     3.76203        0.76
------------------------------------------------------------------------------------------------------------------------
instance:    5, 100-150-10-50
m,n,p:      100 150 10

       sol_i         t_i      ttot_i       gap_i    best_sol           t        ttot        agap       sigma        iter
         136     1.07112     3.15671        0.74         135     1.28277     3.09287     1.72840     0.88338          -1
         137     0.11688     3.10122        1.48
         137     1.18248     3.04961        1.48
         135     2.10816     3.16145           -
         139     0.69263     3.10506        2.96
         138     1.27271     3.13515        2.22
         138     0.89154     3.10359        2.22
         139     2.30738     3.06324        2.96
         137     0.69868     3.08298        1.48
         136     0.41442     3.05221        0.74
         136     1.42957     3.09458        0.74
         139     0.04733     3.07585        2.96
         137     3.00419     3.09641        1.48
         138     1.37220     3.05613        2.22
         138     2.63222     3.05885        2.22
------------------------------------------------------------------------------------------------------------------------
instance:    6, 100-150-10-100
m,n,p:      100 150 10

       sol_i         t_i      ttot_i       gap_i    best_sol           t        ttot        agap       sigma        iter
         131     1.67513     4.83641        2.34         128     2.34334     4.70233     1.77083     1.12191          -1
         131     0.38183     4.70244        2.34
         128     3.23311     4.72367           -
         129     2.97667     4.86511        0.78
         132     2.16183     4.58649        3.12
         130     2.10896     4.58053        1.56
         129     4.36366     4.78265        0.78
         132     3.32610     4.70451        3.12
         131     1.04080     4.67652        2.34
         132     3.22574     4.64383        3.12
         131     2.37718     4.75014        2.34
         129     3.16956     4.62304        0.78
         129     4.09060     4.69174        0.78
         132     0.69331     4.73162        3.12
         128     0.32565     4.63621           -
------------------------------------------------------------------------------------------------------------------------
instance:    7, 100-200-3-50
m,n,p:      100 200 3

       sol_i         t_i      ttot_i       gap_i    best_sol           t        ttot        agap       sigma        iter
         194     0.09772     0.19838        2.11         190     0.08144     0.19576     1.57895     0.90142          28
         192     0.17244     0.19892        1.05
         196     0.02021     0.21255        3.16
         193     0.06025     0.18278        1.58
         193     0.00002     0.18595        1.58
         194     0.18675     0.19825        2.11
         192     0.00404     0.18540        1.05
         190     0.10976     0.22123           -
         194     0.09199     0.19427        2.11
         196     0.00002     0.20684        3.16
         192     0.12721     0.18130        1.05
         192     0.10724     0.17705        1.05
         190     0.06098     0.19301           -
         193     0.16087     0.20929        1.58
         194     0.02205     0.19120        2.11
------------------------------------------------------------------------------------------------------------------------
instance:    8, 100-200-3-100
m,n,p:      100 200 3

       sol_i         t_i      ttot_i       gap_i    best_sol           t        ttot        agap       sigma        iter
         187     2.37934     2.40544        1.63         184     1.03146     2.35230     1.30435     0.68170          -1
         187     0.00002     2.43050        1.63
         187     0.00002     2.36510        1.63
         189     0.40749     2.36266        2.72
         187     1.62482     2.33730        1.63
         187     1.20536     2.33715        1.63
         185     2.22241     2.43247        0.54
         184     0.89277     2.33904           -
         187     0.78267     2.35936        1.63
         187     1.13523     2.32015        1.63
         185     0.35865     2.38782        0.54
         187     0.06251     2.28129        1.63
         185     0.80926     2.25069        0.54
         187     2.31371     2.35720        1.63
         185     1.27770     2.31831        0.54
------------------------------------------------------------------------------------------------------------------------
instance:    9, 100-200-6-50
m,n,p:      100 200 6

       sol_i         t_i      ttot_i       gap_i    best_sol           t        ttot        agap       sigma        iter
         194     0.02826     0.09745        2.11         190     0.04099     0.10525     1.36842     0.76391          10
         192     0.01332     0.09822        1.05
         193     0.04752     0.09412        1.58
         193     0.07483     0.11321        1.58
         194     0.04358     0.09933        2.11
         195     0.03076     0.09781        2.63
         193     0.07779     0.11562        1.58
         193     0.00002     0.09187        1.58
         194     0.01039     0.11472        2.11
         193     0.01092     0.11845        1.58
         191     0.09207     0.10771        0.53
         190     0.05858     0.12050           -
         190     0.00404     0.08664           -
         193     0.10462     0.11369        1.58
         191     0.01807     0.10939        0.53
------------------------------------------------------------------------------------------------------------------------
instance:   10, 100-200-6-100
m,n,p:      100 200 6

       sol_i         t_i      ttot_i       gap_i    best_sol           t        ttot        agap       sigma        iter
         183     1.08717     4.44039        1.10         181     1.76031     4.38017     0.81031     0.60072          -1
         181     0.00002     4.19271           -
         181     1.33398     4.43876           -
         183     0.45987     4.43851        1.10
         183     0.52151     4.44163        1.10
         183     0.97405     4.34601        1.10
         182     4.07427     4.29326        0.55
         182     4.21181     4.44856        0.55
         184     1.47313     4.34207        1.66
         184     2.21823     4.42570        1.66
         184     0.48929     4.58925        1.66
         181     2.48656     4.34165           -
         183     1.67967     4.34297        1.10
         181     1.96813     4.32541           -
         182     3.42698     4.29565        0.55
------------------------------------------------------------------------------------------------------------------------
instance:   11, 100-200-10-50
m,n,p:      100 200 10

       sol_i         t_i      ttot_i       gap_i    best_sol           t        ttot        agap       sigma        iter
         189     1.06708     4.16844        2.72         184     1.79858     4.18399     1.99275     1.00539          -1
         189     4.23239     4.29669        2.72
         184     0.59061     4.12578           -
         188     1.72629     4.17540        2.17
         190     0.49246     4.18692        3.26
         188     2.19872     4.16623        2.17
         190     3.48247     4.21962        3.26
         187     3.11964     4.14506        1.63
         185     0.22371     4.28714        0.54
         185     2.12422     4.18137        0.54
         186     1.66253     4.22682        1.09
         188     0.98321     4.08743        2.17
         188     2.32601     4.25489        2.17
         190     0.03083     4.12941        3.26
         188     2.71847     4.10862        2.17
------------------------------------------------------------------------------------------------------------------------
instance:   12, 100-200-10-100
m,n,p:      100 200 10

       sol_i         t_i      ttot_i       gap_i    best_sol           t        ttot        agap       sigma        iter
         178     4.19095     5.37655        0.56         177     2.49985     5.37915     1.77024     1.08903          -1
         180     2.13277     5.48844        1.69
         183     3.17844     5.30770        3.39
         177     3.59164     5.29948           -
         180     5.31044     5.31044        1.69
         182     0.14856     5.49912        2.82
         177     1.87648     5.52140           -
         180     2.45887     5.41747        1.69
         180     3.98704     5.25047        1.69
         178     0.04984     5.41283        0.56
         180     5.19724     5.27546        1.69
         183     2.08097     5.40772        3.39
         182     1.02731     5.39249        2.82
         180     1.58111     5.32742        1.69
         182     0.68609     5.40033        2.82
------------------------------------------------------------------------------------------------------------------------
