instance:    1, 100-150-3-50
m,n,p:      100 150 3

       sol_i         t_i      ttot_i       gap_i    best_sol           t        ttot        agap       sigma        iter
         146     0.00254     0.01228        3.55         141     0.00607     0.01734     1.98582     1.39940           4
         141     0.01406     0.02079           -
         146     0.00432     0.01656        3.55
         146     0.01192     0.01525        3.55
         146     0.00001     0.01909        3.55
         143     0.00001     0.02268        1.42
         141     0.01127     0.01856           -
         145     0.01613     0.01613        2.84
         144     0.00001     0.02083        2.13
         144     0.00784     0.01924        2.13
         146     0.00441     0.01827        3.55
         141     0.01029     0.01279           -
         143     0.00304     0.01536        1.42
         141     0.00001     0.02023           -
         144     0.00520     0.01200        2.13
------------------------------------------------------------------------------------------------------------------------
instance:    2, 100-150-3-100
m,n,p:      100 150 3

       sol_i         t_i      ttot_i       gap_i    best_sol           t        ttot        agap       sigma        iter
         141     0.06574     0.70208        4.44         135     0.32385     0.67449     2.32099     1.40198          -1
         137     0.21742     0.60243        1.48
         137     0.42664     0.69476        1.48
         137     0.35992     0.66798        1.48
         140     0.09798     0.71543        3.70
         135     0.49706     0.64620           -
         140     0.42875     0.67478        3.70
         140     0.07014     0.67084        3.70
         137     0.39005     0.66540        1.48
         140     0.49674     0.68934        3.70
         135     0.40261     0.69582           -
         137     0.53287     0.62447        1.48
         140     0.54647     0.67897        3.70
         139     0.11770     0.68530        2.96
         137     0.20760     0.70364        1.48
------------------------------------------------------------------------------------------------------------------------
instance:    3, 100-150-6-50
m,n,p:      100 150 6

       sol_i         t_i      ttot_i       gap_i    best_sol           t        ttot        agap       sigma        iter
         140     0.31504     0.62042        2.19         137     0.22138     0.65615     1.84915     1.18799          -1
         138     0.04684     0.65320        0.73
         141     0.54885     0.66734        2.92
         139     0.26778     0.68616        1.46
         137     0.03392     0.64267           -
         141     0.20562     0.66397        2.92
         141     0.27921     0.70576        2.92
         140     0.13529     0.64250        2.19
         140     0.25940     0.65752        2.19
         138     0.11144     0.68125        0.73
         142     0.43088     0.62942        3.65
         139     0.00927     0.63206        1.46
         138     0.09529     0.62168        0.73
         142     0.00002     0.66901        3.65
         137     0.58182     0.66934           -
------------------------------------------------------------------------------------------------------------------------
instance:    4, 100-150-6-100
m,n,p:      100 150 6

       sol_i         t_i      ttot_i       gap_i    best_sol           t        ttot        agap       sigma        iter
         138     0.71634     1.25196        3.76         133     0.44821     1.23881     1.75439     1.46996          -1
         135     0.09745     1.22645        1.50
         139     0.15157     1.21113        4.51
         136     0.49151     1.20235        2.26
         135     0.16856     1.22965        1.50
         133     0.50047     1.19479           -
         133     0.71765     1.21783           -
         138     0.08031     1.31450        3.76
         133     0.58888     1.25059           -
         135     1.12743     1.23982        1.50
         134     1.21738     1.23019        0.75
         134     0.05098     1.22235        0.75
         134     0.20857     1.19745        0.75
         138     0.20395     1.27415        3.76
         135     0.40208     1.31896        1.50
------------------------------------------------------------------------------------------------------------------------
instance:    5, 100-150-10-50
m,n,p:      100 150 10

       sol_i         t_i      ttot_i       gap_i    best_sol           t        ttot        agap       sigma        iter
         139     0.36526     1.04008        2.21         136     0.55160     1.02095     2.45098     1.36024          -1
         136     0.94278     0.95366           -
         141     0.60895     1.01789        3.68
         137     0.90493     1.02574        0.74
         137     0.38121     0.97888        0.74
         139     0.24619     1.01262        2.21
         139     0.75330     1.02051        2.21
         142     0.26072     0.96182        4.41
         139     1.01127     1.04743        2.21
         142     0.33498     1.02673        4.41
         142     0.32675     1.06519        4.41
         139     0.85006     1.09093        2.21
         141     0.15107     1.00031        3.68
         138     0.24894     1.00883        1.47
         139     0.88762     1.06365        2.21
------------------------------------------------------------------------------------------------------------------------
instance:    6, 100-150-10-100
m,n,p:      100 150 10

       sol_i         t_i      ttot_i       gap_i    best_sol           t        ttot        agap       sigma        iter
         130     1.44338     1.51484        0.78         129     0.85175     1.54886     2.17054     1.39247          -1
         135     0.91199     1.51848        4.65
         129     0.19254     1.51448           -
         134     0.50155     1.54131        3.88
         131     0.54429     1.56349        1.55
         133     1.50843     1.59647        3.10
         134     0.13806     1.44813        3.88
         133     1.48685     1.55248        3.10
         130     0.64608     1.49544        0.78
         133     0.63372     1.59435        3.10
         132     0.80792     1.53586        2.33
         131     0.80838     1.55394        1.55
         132     1.37971     1.55435        2.33
         129     1.61062     1.62701           -
         131     0.16277     1.62230        1.55
------------------------------------------------------------------------------------------------------------------------
instance:    7, 100-200-3-50
m,n,p:      100 200 3

       sol_i         t_i      ttot_i       gap_i    best_sol           t        ttot        agap       sigma        iter
         194     0.01221     0.07576        2.11         190     0.04351     0.08152     2.00000     0.81988          12
         194     0.07125     0.07852        2.11
         194     0.04683     0.08755        2.11
         196     0.03359     0.09207        3.16
         194     0.00601     0.08570        2.11
         194     0.06088     0.07700        2.11
         192     0.02913     0.08076        1.05
         196     0.00002     0.07757        3.16
         190     0.07658     0.08346           -
         196     0.00352     0.09468        3.16
         194     0.03202     0.07365        2.11
         194     0.07849     0.07849        2.11
         194     0.06927     0.07899        2.11
         193     0.04919     0.07499        1.58
         192     0.08361     0.08361        1.05
------------------------------------------------------------------------------------------------------------------------
instance:    8, 100-200-3-100
m,n,p:      100 200 3

       sol_i         t_i      ttot_i       gap_i    best_sol           t        ttot        agap       sigma        iter
         188     0.47519     0.80421        1.62         185     0.30565     0.79327     1.76577     0.82490          -1
         187     0.60499     0.77564        1.08
         189     0.26464     0.83649        2.16
         189     0.53341     0.85820        2.16
         190     0.18120     0.81029        2.70
         189     0.32013     0.77851        2.16
         189     0.07482     0.79983        2.16
         185     0.44648     0.79403           -
         187     0.22625     0.80542        1.08
         189     0.43396     0.85039        2.16
         189     0.11457     0.70795        2.16
         189     0.16200     0.78348        2.16
         191     0.36325     0.77550        3.24
         187     0.25821     0.75559        1.08
         186     0.12569     0.76350        0.54
------------------------------------------------------------------------------------------------------------------------
instance:    9, 100-200-6-50
m,n,p:      100 200 6

       sol_i         t_i      ttot_i       gap_i    best_sol           t        ttot        agap       sigma        iter
         192     0.16202     0.17307        1.59         189     0.08902     0.16916     2.39859     0.81664          16
         195     0.01056     0.17209        3.17
         194     0.10182     0.17005        2.65
         194     0.09480     0.17209        2.65
         194     0.15333     0.16744        2.65
         193     0.09026     0.19335        2.12
         194     0.04094     0.14993        2.65
         193     0.05491     0.17965        2.12
         194     0.05450     0.15425        2.65
         195     0.13001     0.19164        3.17
         194     0.08114     0.16880        2.65
         189     0.13457     0.14206           -
         193     0.05545     0.16604        2.12
         193     0.12773     0.16037        2.12
         196     0.04323     0.17657        3.70
------------------------------------------------------------------------------------------------------------------------
instance:   10, 100-200-6-100
m,n,p:      100 200 6

       sol_i         t_i      ttot_i       gap_i    best_sol           t        ttot        agap       sigma        iter
         183     0.92883     1.45260        0.55         182     0.51654     1.43241     1.31868     0.65934          -1
         184     0.43368     1.39782        1.10
         185     0.44659     1.45197        1.65
         183     0.55567     1.38460        0.55
         184     0.61803     1.47073        1.10
         185     1.41276     1.41276        1.65
         185     0.00662     1.43986        1.65
         184     0.08239     1.50453        1.10
         184     0.97360     1.40745        1.10
         185     0.00002     1.46236        1.65
         186     0.07898     1.44035        2.20
         187     0.00002     1.35820        2.75
         182     1.03356     1.44611           -
         185     0.94459     1.47164        1.65
         184     0.23274     1.38521        1.10
------------------------------------------------------------------------------------------------------------------------
instance:   11, 100-200-10-50
m,n,p:      100 200 10

       sol_i         t_i      ttot_i       gap_i    best_sol           t        ttot        agap       sigma        iter
         191     1.07853     1.39139        2.14         187     0.44946     1.37234     1.53298     0.64369          -1
         190     0.08955     1.37209        1.60
         191     0.26223     1.33724        2.14
         190     1.12304     1.35225        1.60
         187     0.03461     1.40177           -
         191     0.59295     1.33281        2.14
         191     0.37951     1.39025        2.14
         191     0.31201     1.39648        2.14
         190     0.23404     1.38256        1.60
         189     0.64914     1.34754        1.07
         191     0.37251     1.37964        2.14
         190     0.40872     1.40703        1.60
         188     0.00002     1.36269        0.53
         189     0.06991     1.37510        1.07
         189     1.13505     1.35620        1.07
------------------------------------------------------------------------------------------------------------------------
instance:   12, 100-200-10-100
m,n,p:      100 200 10

       sol_i         t_i      ttot_i       gap_i    best_sol           t        ttot        agap       sigma        iter
         184     0.77644     1.77051        3.95         177     0.84049     1.76010     2.29755     1.11985          -1
         181     0.80723     1.70628        2.26
         179     1.13238     1.79163        1.13
         180     1.43643     1.71071        1.69
         183     0.90422     1.74821        3.39
         184     0.09269     1.77831        3.95
         181     1.27781     1.79510        2.26
         177     1.30944     1.73222           -
         180     0.27477     1.82844        1.69
         184     0.09839     1.74471        3.95
         179     0.83819     1.79435        1.13
         182     0.71041     1.73714        2.82
         181     1.29939     1.76409        2.26
         180     1.08971     1.73964        1.69
         181     0.55980     1.76011        2.26
------------------------------------------------------------------------------------------------------------------------
