100
100
3
1 2 3 4 5 6 7 8 9 10 11 12 13 14 15 16 17 18 19 20 21 22 23 24 25 26 27 28 29 30 31 32 33 34 35 36 37 38 61 40 41 42 43 44 45 46 47 48 49 50 51 52 53 54 55 56 57 58 59 60 39 62 63 64 65 66 67 68 69 70 71 72 73 74 75 76 77 78 79 80 81 82 83 84 85 86 87 88 89 90 91 92 93 94 95 96 97 98 99 100
1 2 3 4 67 6 7 87 97 10 11 12 13 14 15 16 17 18 19 20 21 22 23 24 25 26 27 28 29 30 31 32 33 43 35 36 37 38 39 40 41 42 34 44 45 46 47 48 49 50 51 52 53 54 55 56 57 58 59 60 61 62 63 64 65 66 5 68 78 70 71 72 73 74 75 76 77 69 79 80 81 82 83 84 85 86 8 88 89 90 91 92 93 94 95 96 9 98 99 100
1 2 3 4 5 6 7 8 9 10 11 12 13 14 15 16 17 18 43 20 21 22 23 24 25 26 27 28 29 30 31 32 33 34 35 36 37 38 39 40 41 42 19 44 64 46 47 48 49 50 51 52 53 54 55 56 57 58 59 60 61 62 63 45 65 66 67 68 69 70 71 72 93 74 75 76 77 78 79 80 81 82 83 84 85 86 87 88 89 90 91 92 73 94 95 96 97 98 99 100
1 2 3 4 5 6 7 8 9 10 11 12 13 14 15 16 17 72 19 20 21 22 23 24 25 26 27 28 29 30 31 32 33 34 35 62 37 38 39 40 41 42 43 44 45 46 47 48 49 50 51 52 53 54 55 56 88 58 59 60 61 36 63 64 65 66 67 68 69 70 71 18 73 74 75 76 77 78 79 80 81 82 83 84 85 86 87 57 89 90 91 92 93 94 95 96 97 98 99 100
1 2 3 4 5 6 7 8 9 10 11 12 13 14 15 16 65 18 98 49 21 22 23 24 25 26 27 28 29 30 31 32 33 34 35 36 37 38 39 40 41 42 43 44 45 46 47 48 20 50 51 52 53 54 55 56 57 58 59 60 61 62 63 64 17 66 67 68 69 70 71 72 73 74 75 76 77 78 79 80 81 82 83 84 85 86 87 88 89 90 91 92 93 94 95 96 97 19 99 100
1 2 3 4 69 6 7 9 8 10 11 12 13 14 15 16 17 18 19 20 21 22 83 24 25 26 74 28 29 30 31 77 33 34 35 36 37 38 39 40 41 42 43 44 45 46 47 48 49 50 51 52 53 54 55 56 57 58 59 60 61 62 63 64 65 66 67 68 5 70 71 72 73 27 75 76 32 78 79 80 81 82 23 84 85 86 87 88 89 90 91 92 93 94 95 96 97 98 99 100
1 2 3 4 5 6 7 8 9 10 11 12 13 14 15 16 17 18 19 20 21 22 23 24 25 26 27 28 29 30 31 32 33 79 35 36 37 38 39 53 45 42 43 44 41 46 47 48 49 50 51 52 40 54 55 56 57 58 59 60 61 62 63 64 65 66 67 68 69 70 71 72 73 74 75 76 77 78 34 80 81 82 83 84 85 86 93 88 89 90 91 92 87 94 95 96 97 98 99 100
1 2 3 4 5 25 89 8 9 53 11 12 13 14 15 16 17 18 19 20 21 22 23 24 6 26 27 28 29 30 31 32 33 34 35 36 37 38 39 40 67 42 43 44 45 46 47 48 49 50 51 52 10 54 55 56 57 58 59 60 61 62 63 64 65 66 41 68 69 70 71 72 73 74 75 76 77 78 79 80 81 82 83 84 85 86 87 88 7 90 91 92 93 94 95 96 97 98 99 100
1 2 3 4 5 6 7 8 9 10 11 12 13 18 15 16 33 14 19 20 21 22 23 24 25 26 80 28 29 30 31 32 17 34 35 36 37 38 39 40 41 42 43 44 45 46 47 48 49 50 51 52 53 54 55 56 57 58 59 60 61 62 66 64 65 63 67 68 69 70 71 72 73 74 75 76 93 90 79 27 81 82 83 84 85 86 87 88 89 78 91 92 77 94 95 96 97 98 99 100
42 2 3 4 5 6 7 8 9 10 41 12 13 14 63 16 17 18 19 49 21 22 23 24 25 26 34 28 29 30 31 32 33 27 35 36 37 38 39 40 11 1 43 44 45 46 47 48 20 50 51 52 100 54 55 56 57 68 59 60 61 62 15 64 65 66 67 58 69 70 71 72 73 74 75 76 77 78 79 80 81 82 83 84 85 86 87 88 89 90 91 92 93 94 95 96 97 98 99 53
1 2 3 4 5 40 7 8 9 10 11 12 64 14 17 16 15 18 19 20 21 22 23 24 25 26 27 28 29 30 31 32 33 34 35 36 37 38 39 6 41 42 43 44 45 46 47 48 66 50 51 52 53 54 55 56 57 58 59 60 61 62 63 13 65 49 67 68 69 70 71 72 73 74 75 76 77 78 79 80 81 82 83 84 85 86 87 88 89 90 91 92 93 94 95 96 97 98 99 100
1 2 3 4 5 6 7 8 9 10 11 12 13 14 15 16 17 18 19 20 21 22 23 24 25 26 27 28 29 30 31 32 65 34 35 36 37 38 79 40 41 42 43 44 45 46 47 48 49 50 51 52 53 54 55 56 57 58 59 60 61 62 63 64 33 66 67 68 69 70 71 72 73 74 75 76 77 78 39 80 81 82 83 84 85 86 87 88 89 90 91 92 93 94 95 96 97 98 99 100
1 2 29 4 5 6 7 8 9 89 11 12 13 14 21 16 100 18 19 20 15 22 59 24 25 27 26 28 3 30 31 32 33 34 35 36 37 38 39 40 41 42 43 44 45 46 47 48 55 85 51 52 53 54 49 56 57 58 23 60 61 62 63 64 65 66 67 68 69 70 71 72 73 74 75 76 77 78 79 80 81 82 83 84 50 86 87 88 10 90 91 92 93 94 95 96 97 98 99 17
1 2 56 93 5 6 7 8 9 15 73 12 13 84 10 16 17 18 19 20 21 89 23 24 25 26 27 28 29 30 31 32 33 34 35 48 37 38 39 92 41 42 43 44 45 46 47 36 49 50 51 52 53 54 55 3 57 58 59 60 61 62 63 64 65 66 67 68 69 70 71 72 11 74 75 76 77 78 79 80 81 82 83 14 85 86 87 88 22 90 91 40 4 94 100 96 97 98 99 95
1 2 3 4 5 6 7 8 9 10 11 12 13 14 15 16 17 18 19 20 21 22 23 24 25 26 27 28 29 30 31 32 33 34 35 36 37 38 39 40 41 42 43 44 45 46 47 48 49 50 51 66 53 54 55 56 57 58 59 60 61 62 63 64 65 52 67 68 69 70 71 72 73 74 75 76 77 78 79 80 81 82 83 84 85 86 87 88 89 90 91 92 93 94 95 96 97 98 99 100
1 2 3 4 5 6 7 8 9 79 11 12 13 14 15 16 17 18 19 20 21 22 23 24 25 26 27 28 29 30 31 32 33 34 35 36 37 38 39 40 41 42 43 44 45 46 47 48 49 50 51 52 53 54 55 56 57 58 59 60 61 62 63 64 65 66 67 68 69 70 71 72 73 74 75 76 77 78 10 80 81 82 83 84 85 86 87 88 89 90 91 92 93 94 95 96 97 98 99 100
1 2 3 4 5 6 7 8 9 10 11 12 13 14 15 16 17 18 19 32 21 22 23 24 25 26 27 28 29 30 31 20 33 34 35 36 37 38 39 40 41 42 43 44 45 46 47 48 49 50 51 52 53 54 55 56 57 58 59 60 61 62 63 64 65 66 67 68 69 70 71 72 73 74 75 87 77 78 79 80 81 82 83 84 85 86 76 88 89 90 91 92 93 94 95 96 97 98 99 100
1 2 3 4 5 36 7 8 9 43 11 12 13 14 15 16 17 18 19 20 34 22 23 24 25 26 27 28 29 30 31 32 67 21 35 6 37 38 39 40 41 42 10 44 45 46 47 48 49 50 51 52 53 54 55 56 57 58 59 60 61 62 63 64 65 66 33 68 69 70 71 72 73 74 75 83 77 78 79 80 81 82 76 84 85 86 87 88 89 90 91 92 93 94 95 96 97 98 99 100
1 2 3 4 63 6 7 22 9 10 11 12 13 14 15 16 17 18 69 20 21 8 23 24 25 26 79 28 29 60 31 32 33 34 35 36 37 38 39 40 41 42 43 44 45 46 47 48 49 50 51 52 53 54 55 56 57 58 59 30 61 62 5 64 65 66 67 68 19 70 71 72 73 74 75 76 77 78 27 80 81 82 83 84 85 86 87 88 89 90 91 92 93 94 95 96 97 98 99 100
1 2 3 74 5 6 7 8 9 31 11 12 13 69 15 16 17 18 19 20 21 22 23 24 25 26 27 28 29 30 10 32 33 34 35 36 37 38 39 40 41 42 48 44 45 46 47 43 49 50 51 52 53 54 55 56 57 58 59 60 61 62 63 64 65 66 67 68 14 70 71 73 72 4 75 76 77 78 79 80 81 82 83 84 85 86 87 88 89 90 91 92 93 94 95 96 97 98 99 100
1 2 3 4 5 6 7 8 95 10 11 12 13 14 15 16 17 18 19 20 21 22 23 24 25 26 27 28 29 30 47 32 33 34 35 36 37 38 55 40 41 42 46 44 45 43 31 48 49 50 51 52 53 54 39 63 57 58 59 60 61 62 56 64 65 66 91 68 69 70 71 72 73 74 75 76 77 78 79 80 81 82 83 84 85 86 87 88 89 90 67 92 93 94 9 96 97 98 99 100
1 2 3 4 5 6 7 8 9 10 100 12 13 14 15 16 17 18 19 20 21 22 23 24 25 26 27 28 29 30 31 32 33 34 35 36 37 38 39 40 41 42 43 44 45 46 47 48 49 50 51 52 53 54 55 56 57 58 59 60 61 62 63 64 65 66 67 68 69 70 71 72 73 74 75 76 77 78 79 80 81 82 83 84 85 86 87 88 89 90 91 92 93 94 95 96 97 98 99 11
1 2 3 4 5 6 76 8 38 10 11 30 13 14 15 16 17 23 19 20 21 22 18 24 25 26 27 28 29 12 31 32 33 34 35 36 37 9 39 40 41 42 43 44 45 46 47 65 49 90 51 52 53 54 55 56 57 58 59 60 61 62 63 64 48 66 84 68 69 70 71 72 73 74 75 7 77 78 79 80 81 82 83 67 85 86 87 88 89 50 91 92 93 94 95 96 97 98 99 100
1 2 89 4 5 6 7 8 9 10 11 61 13 14 15 16 17 18 19 85 21 22 23 24 25 26 27 28 29 30 31 32 33 34 35 36 37 38 39 40 41 42 43 44 45 46 47 48 49 50 51 52 53 54 55 56 57 58 59 60 12 62 63 64 65 66 67 68 69 70 71 72 73 74 75 76 77 78 79 80 81 82 83 84 20 86 87 88 3 90 91 92 93 94 95 96 97 98 99 100
1 2 3 4 5 6 7 8 9 41 11 12 13 14 15 16 17 18 19 20 21 22 46 24 25 26 92 28 29 30 31 32 33 34 38 36 37 35 39 40 10 42 43 44 69 23 47 48 49 50 51 52 53 54 55 56 57 58 59 60 61 62 63 64 65 66 67 68 45 70 71 72 73 74 75 76 77 78 79 80 81 82 83 84 85 86 87 88 89 90 91 27 93 94 95 96 97 98 99 100
1 2 92 4 5 6 7 8 9 10 11 12 13 14 15 16 17 18 19 20 21 22 23 24 25 26 27 28 29 30 31 32 33 34 35 36 37 38 39 40 59 42 43 44 45 46 47 48 49 50 51 52 53 54 55 56 57 62 41 60 61 58 63 64 65 66 67 68 69 70 71 72 73 74 75 76 77 78 79 80 81 82 83 84 85 86 87 88 89 90 91 3 93 94 95 96 97 98 99 100
1 2 60 4 75 6 7 8 9 10 11 12 13 14 15 28 17 18 19 20 21 22 23 24 25 26 27 16 29 30 31 32 33 34 35 36 37 38 39 40 41 42 43 44 45 46 47 48 49 50 51 52 53 54 55 56 57 58 59 3 71 62 63 64 65 66 67 68 69 70 61 72 73 74 5 76 77 78 79 80 81 82 83 84 85 86 87 88 89 90 91 92 93 94 95 96 97 98 99 100
1 2 3 67 5 6 7 8 9 10 11 12 13 14 15 16 17 18 19 82 21 22 23 24 25 26 27 28 29 30 31 32 33 34 35 36 37 38 39 40 41 42 43 44 45 46 47 48 49 50 51 52 53 54 55 56 57 58 59 60 61 62 63 64 65 66 4 68 69 70 71 72 73 74 75 76 77 78 79 80 81 20 83 84 85 86 87 88 89 90 91 92 93 94 95 96 97 98 99 100
1 2 3 4 5 6 7 8 9 10 11 12 13 14 15 16 17 18 19 20 21 22 23 24 25 26 27 28 29 30 31 32 33 34 35 36 37 38 39 40 41 47 43 44 45 46 42 48 49 50 51 52 53 69 55 56 57 58 59 60 61 62 63 64 65 66 67 68 54 70 71 72 73 74 75 76 77 78 79 80 89 90 83 84 85 86 87 88 81 82 91 92 93 94 95 96 97 98 99 100
1 44 3 4 51 6 7 8 9 10 11 12 13 14 15 16 17 18 19 20 21 22 23 53 25 26 62 28 29 30 31 32 33 34 35 36 37 38 39 40 41 42 43 2 45 46 47 48 49 50 5 52 24 54 55 56 57 58 59 60 61 27 63 64 65 66 67 68 69 70 71 72 73 74 75 76 77 78 79 80 81 82 83 84 85 86 87 88 89 90 91 92 93 94 95 96 97 98 99 100
1 54 3 4 5 6 7 8 9 10 11 12 13 14 15 16 17 18 19 20 21 22 23 24 25 26 27 28 29 33 31 32 30 34 35 36 37 38 39 40 41 42 43 44 45 46 47 48 49 50 100 52 53 2 55 56 57 58 59 60 61 62 63 64 65 66 67 68 69 70 71 72 78 74 75 76 77 73 79 80 81 82 83 84 85 86 87 88 89 90 91 92 93 98 95 96 97 94 99 51
1 2 3 4 5 6 7 8 9 10 11 94 13 14 15 16 62 18 19 20 21 25 23 24 22 26 27 28 29 30 31 32 33 34 35 36 37 38 39 40 41 42 51 44 45 46 47 48 49 50 43 52 53 54 55 56 57 58 59 60 61 17 63 64 65 95 67 68 69 70 71 72 73 74 75 76 77 78 82 80 81 79 83 84 85 86 87 88 89 90 91 92 93 12 66 96 97 98 99 100
1 2 3 4 5 6 7 8 9 10 61 12 13 14 15 16 17 18 19 20 21 22 23 24 25 26 27 28 29 30 31 32 33 34 35 36 37 38 39 40 41 42 43 44 45 71 79 48 49 50 51 52 53 54 55 97 57 58 59 60 11 62 63 64 65 66 67 68 69 70 46 72 73 84 75 76 77 78 47 80 81 82 83 74 85 86 87 88 89 90 91 92 93 94 95 96 56 98 99 100
1 2 3 4 5 6 30 8 9 10 11 12 13 14 15 35 17 18 19 20 21 22 23 24 67 26 27 28 29 7 31 32 33 34 16 36 37 38 39 40 41 42 43 49 45 46 47 48 44 50 51 52 53 54 55 56 57 58 59 60 61 62 63 64 65 66 25 68 69 70 71 72 73 74 75 76 77 78 79 80 81 82 83 84 85 86 87 88 89 90 91 96 93 94 95 92 97 98 99 100
1 2 3 4 5 45 7 8 9 10 59 12 94 14 15 16 17 18 19 20 21 22 23 24 25 26 27 28 29 30 31 32 33 34 35 36 37 38 39 40 41 42 43 44 6 89 47 48 49 50 51 52 53 54 55 56 57 58 11 60 61 62 63 64 65 66 79 68 69 70 71 72 73 74 75 76 77 78 67 80 81 82 83 84 85 86 87 88 46 90 91 92 93 13 95 96 97 98 99 100
1 83 3 4 5 6 7 8 9 10 11 12 13 14 15 16 17 18 19 20 21 22 23 24 25 26 27 28 29 69 31 32 33 34 35 36 37 38 39 74 41 42 43 44 96 46 47 48 49 50 51 52 53 54 55 56 57 58 59 60 61 62 63 64 65 66 67 68 30 70 71 72 73 40 75 76 77 78 79 80 81 82 2 84 85 86 94 88 89 90 91 92 93 87 95 45 97 98 99 100
1 2 3 99 5 6 7 8 9 10 11 12 13 14 15 16 17 18 19 20 21 22 23 24 25 26 27 28 29 30 31 32 33 34 35 36 68 38 39 40 76 42 43 44 45 46 47 48 49 50 51 52 53 54 55 56 57 58 59 60 61 62 78 64 65 66 67 37 69 70 71 72 73 74 75 41 77 63 79 80 81 82 83 84 85 86 87 88 89 90 91 92 93 94 95 96 97 98 4 100
1 2 3 4 5 6 7 8 9 10 11 12 13 14 15 16 17 18 19 49 21 22 23 24 25 26 27 28 29 30 31 32 33 34 35 36 37 38 39 40 41 42 43 44 45 46 47 48 20 50 51 52 82 54 55 56 57 58 59 60 61 62 63 64 65 66 67 68 69 70 73 72 71 74 75 76 77 78 79 80 81 53 83 84 85 86 87 88 89 90 91 92 93 94 95 96 97 98 99 100
1 2 63 4 5 6 7 8 9 10 11 12 13 14 15 16 17 18 19 20 21 22 23 24 59 26 27 28 29 30 31 32 33 34 35 36 37 38 39 40 41 42 43 44 45 60 47 48 49 50 51 52 53 54 55 56 57 58 25 46 61 62 3 64 65 66 67 68 69 70 71 72 78 74 75 76 77 73 79 80 81 82 83 84 85 86 87 88 89 90 91 92 93 94 95 96 97 98 99 100
1 2 3 4 5 6 7 68 9 10 11 12 13 14 15 16 17 42 19 20 21 22 23 24 25 26 27 28 29 30 31 32 33 34 35 36 37 38 39 40 41 18 43 44 45 46 47 48 49 69 51 66 53 54 55 56 57 58 59 60 61 62 63 64 65 52 67 8 50 70 71 72 73 74 83 76 77 78 79 84 81 82 75 80 85 86 87 88 89 90 91 92 93 94 95 96 97 98 99 100
1 2 3 4 5 6 7 8 9 10 11 12 13 14 15 16 17 18 19 20 21 22 23 24 25 26 27 71 29 30 31 32 33 34 35 36 37 38 39 99 41 42 43 44 45 46 47 48 49 50 51 52 53 54 55 56 57 58 59 60 61 62 63 64 65 66 67 68 69 70 28 72 73 74 82 76 77 78 79 80 81 75 83 84 85 86 87 88 89 90 91 92 93 94 95 96 97 98 40 100
1 2 3 4 5 6 7 8 9 10 11 12 22 14 15 16 17 18 19 20 21 13 23 24 25 26 27 28 29 99 31 32 33 34 35 36 37 38 39 81 41 42 43 44 45 46 47 48 49 50 51 52 53 54 55 56 57 58 59 60 75 62 66 64 65 63 67 68 69 70 71 72 73 74 61 76 77 78 79 80 40 82 85 84 83 86 87 88 89 90 91 92 93 94 95 96 97 98 30 100
1 2 3 4 5 6 7 8 9 10 11 12 13 14 15 32 17 18 19 20 21 22 23 24 25 26 27 28 29 30 31 16 33 34 35 56 37 38 89 40 41 42 43 44 45 61 77 48 49 50 51 52 53 54 94 36 57 58 59 60 46 62 63 64 65 66 67 68 69 70 71 72 73 74 75 76 47 78 79 80 81 82 83 84 85 86 87 88 39 90 91 92 93 55 95 96 97 98 99 100
1 2 3 4 5 6 7 8 9 10 11 12 13 14 15 16 17 18 90 20 21 22 23 24 25 26 27 28 29 30 31 92 33 34 35 36 37 38 39 83 41 42 43 44 45 46 47 48 49 50 51 52 53 54 55 56 57 58 59 60 61 62 63 64 65 66 67 68 69 94 71 72 73 74 75 76 77 78 79 80 81 82 40 84 85 86 87 88 89 19 91 32 93 70 95 96 97 98 99 100
1 89 3 4 5 6 7 8 9 10 11 12 13 14 15 16 17 18 19 20 21 22 23 24 25 75 27 28 29 30 31 32 33 34 35 36 37 38 39 40 41 42 43 44 45 53 47 48 49 50 51 52 46 54 55 56 57 58 59 60 61 62 63 64 65 66 67 68 69 70 71 72 73 74 26 76 77 78 79 80 81 82 83 84 85 86 87 88 2 90 91 92 93 94 95 96 97 98 99 100
1 2 3 4 5 6 7 8 9 10 99 12 13 14 15 16 17 18 19 20 90 22 23 24 71 26 27 28 29 30 31 32 33 34 35 36 37 38 39 40 41 42 43 82 45 66 47 48 49 50 51 52 53 54 97 56 57 58 59 60 61 62 63 64 65 46 67 68 69 70 25 72 73 74 75 76 77 78 79 80 81 44 83 84 85 86 87 88 89 21 91 92 93 94 95 96 55 98 11 100
1 2 65 4 5 6 7 8 9 22 92 12 13 14 15 99 17 18 19 20 21 10 23 24 25 26 27 28 29 30 31 32 33 34 35 36 37 38 39 40 41 42 43 44 45 46 47 48 49 50 51 52 53 54 55 56 57 58 59 60 61 62 63 64 3 66 67 68 69 70 71 72 73 74 75 76 77 78 79 80 81 82 83 84 85 86 87 88 89 90 91 11 93 94 95 96 97 98 16 100
1 2 3 4 5 6 7 8 9 10 11 12 13 14 15 34 17 18 19 20 21 22 23 63 25 26 27 28 29 30 31 32 33 16 35 36 37 38 39 40 41 42 43 44 45 46 47 48 49 50 51 52 53 54 55 56 57 58 59 60 61 62 24 64 65 66 67 68 69 70 71 72 73 74 75 76 77 78 79 80 81 82 83 84 85 86 87 88 89 90 91 92 93 94 95 96 97 98 99 100
1 2 3 4 5 6 7 8 9 10 11 12 13 14 15 16 97 18 19 20 21 22 23 58 25 26 27 28 29 30 31 32 33 34 35 36 37 38 39 77 41 42 43 45 44 46 47 48 49 50 51 52 53 54 55 56 57 24 59 60 61 62 63 64 65 66 67 68 69 70 71 72 73 74 75 76 40 78 79 80 81 82 83 84 85 86 87 88 89 90 91 92 93 94 95 96 17 98 99 100
1 2 3 4 5 15 7 8 9 10 11 12 13 14 6 16 17 18 19 20 21 22 23 24 25 26 27 28 29 30 31 32 33 34 35 36 37 38 39 40 41 42 43 44 54 46 47 48 49 50 51 52 53 45 55 56 57 58 59 60 61 62 63 64 65 66 67 68 69 97 71 72 73 74 75 76 77 78 79 80 81 82 83 84 85 86 87 88 89 90 91 92 93 94 95 96 70 98 99 100
1 2 3 4 5 6 7 8 9 10 11 12 13 14 15 16 17 18 19 20 21 22 23 24 25 26 27 28 29 30 65 32 33 34 35 36 37 38 39 40 41 42 43 99 45 46 47 90 87 50 51 52 53 54 55 56 57 58 59 60 61 62 63 64 31 66 67 68 69 70 71 72 73 74 75 76 77 78 79 80 81 82 83 84 85 86 49 88 89 48 91 92 93 94 95 96 97 98 44 100
1 2 3 4 5 6 7 8 72 10 11 12 13 14 15 16 17 40 19 20 21 22 23 24 25 26 27 28 29 30 31 32 33 34 35 36 37 38 39 18 41 42 43 44 45 46 47 48 49 50 51 52 53 54 55 56 57 58 59 60 61 62 91 64 65 66 67 68 69 70 71 9 73 74 75 76 77 78 79 80 81 82 83 84 85 86 87 88 89 90 63 92 93 94 95 96 97 98 99 100
1 2 3 4 5 6 7 8 9 10 11 12 13 14 15 16 17 34 19 20 21 22 23 49 25 26 27 28 29 30 31 32 55 18 35 36 37 93 39 40 41 42 43 44 45 46 47 80 24 50 51 52 53 54 33 56 57 58 59 60 61 62 63 64 65 66 67 68 69 70 71 72 73 74 75 76 77 78 79 48 81 82 83 84 85 86 87 88 89 90 91 92 38 94 95 96 97 98 99 100
1 2 3 4 5 6 7 8 80 10 82 12 13 14 15 16 17 18 19 20 21 22 23 24 25 26 27 28 29 30 31 32 33 34 35 36 37 38 39 40 41 42 43 44 45 46 47 48 49 50 51 52 53 54 55 56 57 58 59 84 61 62 63 64 65 66 67 68 69 70 99 72 73 74 75 76 77 78 79 9 81 11 83 60 85 86 87 88 90 89 91 92 93 94 95 96 97 98 71 100
1 2 3 68 5 6 7 8 9 10 11 12 13 14 15 16 17 18 19 20 21 22 23 24 25 26 87 28 29 74 31 32 33 62 35 36 37 38 39 57 41 42 64 44 45 46 47 48 49 50 51 52 53 65 55 56 40 73 59 60 61 34 63 43 54 66 67 4 89 70 99 72 58 30 75 76 77 78 79 80 81 82 83 84 85 86 27 88 69 90 91 92 93 94 95 96 97 98 71 100
1 2 3 4 5 6 7 8 9 10 11 12 13 14 15 56 17 18 19 20 21 22 23 24 25 26 27 28 29 30 78 32 33 34 35 36 37 38 39 40 41 42 43 44 45 46 47 48 49 50 51 52 53 54 55 16 57 58 63 60 61 62 59 64 65 66 67 68 69 70 71 72 73 74 75 76 77 31 79 80 81 82 83 84 85 86 87 88 89 90 91 92 93 94 95 96 97 98 99 100
1 2 3 4 5 6 7 8 9 10 11 12 13 14 15 16 17 18 19 20 21 22 23 24 25 26 75 28 29 30 31 32 33 34 35 36 37 38 39 40 41 65 43 44 45 46 47 48 49 50 51 52 53 54 55 56 57 58 59 60 61 62 63 64 42 66 67 68 69 70 71 72 73 74 27 76 77 78 79 80 81 82 83 84 85 86 87 88 89 90 91 92 93 94 95 96 97 98 99 100
1 2 3 4 5 24 7 8 9 10 11 12 67 14 15 16 17 18 19 20 21 22 23 6 25 26 27 54 29 30 31 32 33 34 35 36 37 38 39 40 41 42 43 44 45 46 47 48 49 50 51 52 53 28 55 56 57 58 59 60 61 62 63 64 65 66 13 68 69 70 71 72 73 85 75 76 77 78 79 80 81 82 83 84 74 86 87 88 89 90 91 92 93 94 95 96 97 98 99 100
1 12 3 4 5 6 7 8 9 10 11 2 13 14 15 20 17 18 19 16 21 22 23 24 66 26 27 28 29 30 31 32 33 34 35 36 80 38 39 40 41 42 43 44 45 46 47 48 49 50 51 52 53 54 55 58 57 56 59 60 61 62 63 64 65 25 67 68 69 70 71 72 73 74 75 76 77 78 79 37 81 82 83 84 85 86 87 88 89 90 91 92 93 94 95 96 97 98 99 100
1 2 3 4 5 100 7 8 9 10 11 12 13 14 90 16 17 18 19 20 21 22 23 24 25 26 27 28 29 30 31 32 33 34 35 36 79 38 39 40 41 42 43 44 45 46 47 69 49 50 51 52 53 54 55 56 57 58 59 60 61 62 63 64 65 66 67 68 48 70 71 72 73 74 75 76 77 78 37 80 81 82 83 84 85 86 87 93 94 15 91 92 88 89 95 96 97 98 99 6
1 2 3 4 5 6 7 8 9 10 75 12 13 14 39 16 17 18 19 74 21 22 23 24 25 26 27 28 29 30 31 32 33 34 35 36 37 38 15 40 41 42 97 44 45 46 47 48 49 50 51 52 73 54 55 56 57 58 59 60 61 86 63 64 65 66 67 68 69 70 71 72 53 20 11 76 77 78 79 80 81 82 83 84 85 62 87 88 89 90 91 92 93 94 95 96 43 98 99 100
1 2 3 4 5 6 7 8 9 10 11 12 13 14 15 16 17 18 19 20 21 22 23 24 25 26 27 28 29 30 31 32 33 34 35 94 37 38 39 40 41 42 43 44 45 46 47 48 49 50 51 52 53 54 55 56 57 58 59 60 61 62 63 64 65 66 67 68 69 70 71 72 73 74 75 76 77 78 79 80 81 88 83 84 85 86 87 82 89 90 91 92 93 36 95 96 97 98 99 100
1 2 3 4 5 58 7 8 9 10 11 12 13 22 15 38 17 18 19 20 21 14 23 24 25 26 27 28 29 30 31 32 33 34 35 36 37 16 39 68 41 42 43 44 45 46 47 48 49 50 51 52 53 54 55 56 57 6 59 60 61 62 63 64 65 66 67 40 69 70 71 72 73 74 75 76 77 78 79 80 81 82 83 84 85 86 87 88 89 90 91 92 93 94 95 96 97 98 99 100
1 2 3 4 5 6 7 8 9 10 11 12 13 14 15 16 17 18 19 20 21 22 23 96 25 26 27 28 29 30 31 32 33 34 35 36 37 38 39 40 41 42 43 44 45 46 47 48 49 50 51 52 53 54 55 56 57 58 59 60 61 62 63 64 65 66 67 68 69 70 71 72 73 74 75 76 77 78 79 80 81 82 83 84 85 86 87 88 89 90 91 92 93 94 95 24 97 98 99 100
1 2 3 4 19 6 7 8 9 10 11 12 13 14 15 16 17 18 5 20 21 22 23 24 25 26 27 28 29 30 31 32 33 34 35 36 37 38 39 40 41 42 43 44 45 46 47 64 49 50 51 52 53 54 55 56 57 58 59 60 61 62 68 48 65 66 67 63 69 70 71 72 73 74 75 76 77 78 79 80 81 82 83 84 85 86 87 88 89 90 91 92 93 94 95 96 97 98 99 100
1 2 3 4 5 6 7 8 9 10 93 12 13 14 15 16 94 18 19 20 21 22 23 40 25 26 27 28 29 30 31 32 33 34 35 36 37 38 39 24 82 42 43 44 45 46 47 48 49 50 51 52 73 54 55 56 57 75 59 60 61 62 63 64 65 66 67 68 69 70 71 72 53 74 58 76 77 78 79 80 81 41 83 84 85 86 87 88 89 90 91 92 11 17 95 96 97 98 99 100
1 2 3 4 35 6 7 8 9 10 11 12 13 14 15 16 17 18 19 37 65 51 29 24 25 26 27 28 23 30 31 32 33 34 5 36 20 38 39 40 41 42 43 44 45 46 47 48 49 50 22 90 53 54 55 56 57 58 67 60 61 62 63 64 21 66 59 68 69 70 71 72 73 74 75 76 77 78 79 80 81 82 83 84 85 86 87 88 89 52 91 92 93 94 95 96 97 98 99 100
1 2 3 4 5 6 7 8 9 10 11 12 13 72 15 16 17 18 50 20 21 22 23 24 25 26 27 28 67 30 31 32 33 34 35 36 37 38 39 40 41 42 43 83 45 46 47 48 49 19 51 75 53 54 55 56 57 58 59 60 61 62 63 64 65 66 29 68 69 70 71 14 73 74 52 99 77 78 79 80 81 82 44 84 85 86 87 88 89 90 91 92 93 94 95 96 97 98 76 100
1 2 3 4 5 6 7 8 9 10 11 12 13 14 15 16 17 18 19 20 21 22 23 24 25 26 27 28 29 30 31 32 33 34 35 36 37 38 39 40 41 42 43 71 45 46 47 48 49 50 51 52 53 54 55 56 57 58 59 60 61 62 63 64 65 66 67 68 69 70 44 72 73 74 75 76 77 78 79 80 81 82 83 84 85 86 87 88 89 90 91 92 93 94 95 96 97 98 99 100
84 2 3 64 5 6 26 8 9 10 11 12 100 14 15 16 17 67 19 20 21 22 23 24 25 7 27 28 29 30 31 32 33 34 35 36 37 38 39 56 41 42 76 44 45 46 47 48 49 50 51 52 53 54 55 40 57 58 81 60 61 62 63 4 65 66 18 68 69 70 71 72 73 74 75 43 77 78 79 80 59 82 83 1 85 86 87 88 89 90 91 92 93 94 95 96 97 98 99 13
1 2 3 4 5 6 7 8 9 10 11 12 13 14 15 95 17 18 19 20 21 22 23 24 25 26 27 28 79 30 31 32 33 34 35 36 37 38 39 40 41 42 43 44 45 46 47 48 49 50 51 52 53 67 55 56 57 58 59 60 61 62 63 64 65 66 54 68 69 70 71 72 73 74 75 76 77 78 29 80 81 82 83 84 85 86 87 88 89 90 91 92 93 94 16 96 97 98 99 100
1 2 3 4 5 6 7 8 9 10 11 12 13 14 15 16 17 18 19 20 21 22 23 24 25 26 27 28 29 30 31 32 33 34 35 36 37 38 39 40 41 42 43 44 45 46 51 48 49 50 47 52 97 54 55 56 57 58 63 60 61 62 59 64 65 66 67 68 69 70 71 72 73 74 75 76 77 78 79 80 81 82 83 84 85 86 87 88 89 90 91 92 93 94 95 96 53 98 99 100
1 2 3 4 5 6 7 8 9 10 11 12 13 14 15 16 17 18 19 20 21 22 23 24 25 26 27 28 29 30 31 32 33 34 66 36 37 84 39 40 41 42 43 44 45 46 47 48 49 50 51 52 99 54 55 56 57 58 59 60 61 62 63 64 65 35 67 68 69 70 71 72 73 74 75 76 77 78 79 80 81 82 83 38 85 86 87 88 89 98 91 92 93 94 95 96 97 90 53 100
1 2 3 4 5 6 7 8 9 10 11 12 13 14 15 16 17 58 19 20 21 22 23 24 25 26 27 28 29 30 31 32 33 34 35 36 37 38 39 40 41 42 43 44 65 46 47 48 49 50 51 52 53 54 55 56 57 18 59 60 61 62 63 64 45 66 67 68 69 70 71 72 73 74 75 76 77 78 79 80 81 82 83 84 85 86 87 88 89 90 91 92 93 94 95 96 97 98 99 100
1 2 3 4 5 6 7 8 9 10 68 12 13 14 15 16 17 18 19 20 21 22 23 73 25 26 27 28 29 30 31 32 33 34 35 36 37 38 39 40 41 42 100 44 45 46 47 48 49 50 51 52 53 54 55 74 57 58 59 60 61 62 63 64 65 66 67 11 69 70 71 72 24 56 75 76 77 78 79 80 81 82 83 84 85 86 87 88 89 90 91 92 93 94 95 96 97 98 99 43
1 2 3 4 5 6 7 8 9 10 11 12 13 14 15 16 17 18 19 20 21 38 23 24 25 26 27 28 29 30 31 32 33 34 35 36 37 22 39 40 41 97 43 44 45 46 47 48 49 50 51 52 53 54 55 56 57 58 59 60 61 62 63 64 65 66 67 68 69 70 71 72 73 74 75 76 77 78 79 80 81 82 83 84 85 86 87 88 89 90 91 92 93 94 95 96 42 98 99 100
1 2 3 4 5 6 7 8 64 82 11 12 13 14 15 16 86 18 29 20 21 22 23 24 25 26 27 28 19 30 31 32 33 34 35 36 37 38 39 81 41 42 43 44 45 46 47 48 49 50 51 52 53 54 55 56 57 58 92 60 61 62 63 9 65 66 67 68 69 70 71 72 73 76 75 74 77 78 79 80 40 10 83 84 85 17 87 88 89 90 91 59 93 94 95 96 97 98 99 100
1 2 3 4 5 6 7 8 43 10 11 12 13 14 15 16 17 18 19 20 21 22 23 24 25 26 27 28 29 30 31 32 33 34 35 66 37 38 39 40 41 42 9 44 45 46 47 48 49 50 51 52 53 54 55 56 57 58 59 60 61 62 63 64 65 36 67 68 69 70 71 90 73 74 75 76 77 78 79 80 81 82 83 84 85 86 87 88 89 72 91 92 93 97 95 96 94 98 99 100
1 2 3 4 5 6 7 8 9 10 71 12 13 14 15 16 17 18 19 20 21 22 23 24 25 26 27 28 29 30 31 53 33 34 35 36 37 38 39 40 41 42 43 44 45 46 47 48 49 50 51 52 32 54 55 56 57 58 59 60 61 62 63 64 65 66 79 68 69 70 11 72 73 74 75 76 77 78 67 80 81 82 83 84 85 86 87 88 89 90 91 92 93 94 95 96 97 98 99 100
1 2 3 4 5 6 7 8 9 10 11 12 13 14 15 16 17 18 19 20 21 22 23 24 25 26 27 28 29 30 31 32 95 34 35 36 37 38 39 40 41 42 43 44 45 46 47 48 49 50 51 52 53 54 55 56 57 58 59 60 61 62 63 64 65 66 67 68 69 70 71 72 73 74 75 76 77 78 79 80 81 82 83 84 85 86 87 88 89 90 91 92 93 94 33 96 97 98 99 100
1 2 99 4 5 6 7 8 9 10 11 75 13 14 15 16 17 18 58 20 21 22 23 24 25 26 27 28 29 30 31 32 33 34 35 36 37 38 39 40 41 42 43 44 45 46 47 48 49 50 51 52 53 54 55 56 57 19 59 60 61 62 63 64 65 66 67 68 69 70 71 72 73 74 12 76 77 78 79 80 81 82 83 84 85 86 87 88 89 90 91 92 93 94 95 96 97 98 3 100
1 2 3 4 5 6 7 8 9 10 11 12 13 14 15 16 17 18 19 20 21 22 23 24 25 26 27 28 29 30 31 32 33 34 35 36 37 38 62 40 41 42 43 44 45 46 47 48 89 50 51 52 53 54 55 56 57 58 59 60 61 39 63 80 65 66 67 68 69 70 71 82 73 74 75 76 77 78 79 64 81 72 83 84 85 86 87 88 49 90 91 92 93 94 95 96 97 98 99 100
1 2 3 4 5 6 7 8 9 10 11 12 13 14 15 16 18 17 19 20 21 22 23 24 25 26 27 28 29 30 31 32 33 34 35 36 85 38 39 40 41 42 43 44 45 46 47 48 49 50 51 52 53 54 55 56 57 58 59 60 61 62 63 64 65 66 67 68 69 70 71 72 99 74 75 76 77 78 79 80 81 82 83 84 37 86 87 88 89 90 91 92 93 94 95 96 97 98 73 100
1 2 3 4 5 14 7 8 9 10 11 12 13 6 15 16 17 18 19 20 21 22 23 24 25 26 27 28 29 30 31 32 33 34 35 36 37 38 39 40 41 42 43 47 45 46 44 48 49 50 51 52 53 54 55 56 61 58 59 60 57 62 63 64 65 66 67 68 69 70 71 72 73 74 75 76 77 78 79 80 81 82 83 84 85 86 87 88 89 90 91 92 93 94 95 96 97 98 99 100
1 2 3 4 5 6 7 8 9 10 11 12 13 14 15 16 17 18 19 20 21 22 23 24 25 26 27 28 29 30 31 32 33 34 35 36 37 38 39 40 41 42 43 44 45 46 47 48 49 50 51 52 53 54 55 85 57 58 59 60 61 62 63 64 65 66 67 68 69 70 71 72 73 74 75 76 77 78 79 80 81 82 83 84 56 86 87 88 89 90 91 92 93 94 95 96 97 98 99 100
1 2 3 4 5 6 7 8 9 10 11 12 13 14 15 16 17 18 19 20 21 22 23 24 25 26 27 28 73 30 31 32 33 34 35 36 37 65 39 40 41 42 43 44 45 46 47 48 49 50 63 52 53 54 55 56 93 58 59 60 61 62 51 64 38 66 67 68 69 70 71 72 29 74 75 76 77 78 79 80 81 82 83 84 85 86 87 88 89 90 91 92 57 94 95 96 97 98 99 100
1 2 3 4 5 6 7 8 9 10 11 12 13 14 15 16 17 18 19 20 21 22 23 24 25 26 27 28 29 30 31 32 33 34 35 64 37 38 49 40 41 42 43 44 45 46 47 48 39 50 51 52 53 54 55 56 57 58 59 60 61 99 63 36 65 66 67 68 69 70 71 72 73 74 75 76 77 78 79 80 81 82 83 84 85 86 87 88 89 90 91 92 93 94 95 96 97 98 62 100
99 2 3 4 5 6 59 8 9 10 11 12 13 14 15 16 17 18 19 20 28 22 23 24 25 26 27 21 29 30 31 32 33 34 35 36 37 38 39 40 41 42 43 44 45 46 47 48 49 50 51 94 53 54 55 56 57 58 7 60 61 62 63 64 65 66 67 68 69 70 71 72 73 74 75 76 77 78 79 80 81 82 83 84 85 86 87 88 89 90 91 92 93 52 95 96 97 98 1 100
1 73 3 4 5 6 7 8 9 10 11 12 13 14 15 16 17 18 19 20 21 22 23 24 25 26 27 28 29 30 31 32 33 34 35 36 37 38 39 40 41 42 43 44 45 46 47 48 49 50 51 52 53 54 55 56 57 58 59 60 61 62 63 64 65 66 67 68 69 70 71 72 2 74 75 76 77 78 92 80 81 82 83 84 85 86 87 88 89 90 91 79 93 94 95 96 97 98 99 100
1 2 3 4 10 6 7 8 9 5 11 98 13 14 15 16 17 18 19 20 21 22 23 24 25 26 27 28 29 30 31 32 33 70 35 36 37 38 39 40 41 42 43 44 45 46 47 48 49 60 51 52 53 54 55 71 57 58 59 50 61 62 63 64 65 66 67 68 69 34 56 72 80 74 75 76 77 78 79 73 81 82 83 84 85 86 87 88 89 90 91 92 93 94 95 96 97 12 99 100
1 2 3 4 5 6 7 8 9 10 11 12 13 14 15 16 17 18 19 20 21 22 23 24 25 26 27 28 29 30 31 32 33 34 35 36 37 38 39 40 41 42 43 44 45 46 47 48 49 50 51 52 53 54 55 56 57 58 59 60 61 62 63 64 65 66 67 68 69 70 71 72 73 74 75 76 77 78 79 80 88 82 83 84 85 86 87 81 89 90 91 92 93 94 95 96 97 98 99 100
46 2 3 4 5 6 7 8 9 10 11 12 13 14 15 16 17 18 19 20 21 22 23 24 25 26 27 28 29 30 31 32 33 34 35 36 37 38 39 40 41 42 43 44 45 1 47 48 49 50 51 52 53 54 55 71 57 58 59 60 61 72 63 64 65 66 67 68 69 70 56 62 73 81 75 76 77 78 79 80 74 82 83 84 85 86 87 88 89 90 91 92 93 94 95 96 97 98 99 100
1 2 3 4 78 6 7 8 9 10 11 12 13 14 15 16 17 18 19 20 21 22 23 24 25 26 27 28 81 30 31 32 33 34 35 36 37 38 39 40 41 42 43 44 45 46 47 48 49 50 51 52 53 54 55 56 57 80 59 60 61 62 63 64 65 66 67 68 69 70 71 72 73 74 75 76 77 5 79 58 29 82 83 84 85 86 87 88 89 90 91 92 93 94 95 96 97 98 99 100
1 2 3 4 40 6 7 8 9 10 19 12 13 14 15 16 17 18 11 26 21 22 23 46 25 20 27 28 29 30 31 32 33 34 35 36 37 38 39 5 41 42 43 44 45 24 47 82 49 50 51 52 53 54 55 56 57 58 59 60 61 62 63 64 65 66 67 68 69 70 71 72 74 73 75 76 77 78 79 80 81 48 83 84 85 86 87 88 89 90 91 92 93 94 95 96 97 98 99 100
1 2 3 4 5 6 7 8 9 10 11 12 13 14 15 16 17 18 19 20 71 22 23 24 25 26 27 28 29 30 31 32 33 34 35 36 37 38 39 40 41 42 43 44 45 46 47 48 49 50 51 52 53 54 55 56 57 58 59 60 61 62 63 64 65 66 67 68 69 70 21 72 73 74 75 76 77 78 79 80 81 82 83 84 85 86 87 88 89 90 91 92 93 94 95 96 97 98 99 100
1 2 3 36 5 45 7 8 9 10 11 12 13 14 15 16 17 18 19 20 21 22 23 24 25 26 92 28 29 30 31 32 33 34 35 4 37 38 39 73 41 42 43 44 6 46 47 48 49 50 51 52 53 54 55 56 57 58 59 60 61 62 63 64 65 66 67 68 69 70 71 72 40 74 75 76 77 78 79 80 81 82 83 84 85 86 87 88 89 90 91 27 93 94 95 96 97 98 99 100
1 2 3 4 5 6 7 8 9 10 11 12 13 14 15 16 17 18 19 20 21 22 23 24 25 26 27 28 29 30 31 32 33 34 35 36 37 38 39 40 41 42 43 44 45 46 47 48 49 50 51 52 53 54 55 56 57 58 59 60 61 62 69 64 65 66 67 68 63 70 71 72 73 74 75 76 77 78 79 80 81 82 83 84 85 86 87 88 89 90 91 92 93 94 95 96 97 98 99 100
1 2 3 4 5 6 7 8 87 10 11 44 13 14 15 16 17 18 19 20 21 22 23 24 25 26 27 28 29 30 31 32 33 34 35 36 37 38 39 40 41 42 43 12 45 46 47 48 49 50 51 52 53 54 55 56 57 58 59 60 61 62 63 64 80 66 67 68 69 70 71 72 73 74 75 76 77 78 79 65 81 82 83 84 85 86 9 88 89 90 91 92 93 94 95 96 97 98 99 100
1 2 3 4 5 6 94 8 9 10 17 12 13 14 15 16 11 26 19 20 21 22 23 24 25 18 27 28 29 30 31 32 33 34 35 36 37 38 87 40 41 42 43 44 45 46 47 48 49 50 51 88 53 54 55 56 57 58 59 60 61 62 63 64 65 66 67 68 69 70 71 72 73 74 75 76 77 86 79 80 81 82 83 84 85 78 39 52 89 90 91 92 93 7 95 96 97 98 99 100
1 2 3 4 5 6 7 8 9 10 11 12 13 14 15 16 17 18 19 20 21 22 65 24 25 26 27 28 29 30 31 32 33 34 35 97 37 38 39 40 41 42 43 44 45 46 47 48 49 50 51 56 53 54 55 52 57 58 59 60 61 62 63 64 23 66 67 68 69 70 71 72 73 74 75 76 77 78 79 80 81 82 83 84 85 86 87 88 89 90 91 92 93 94 95 96 36 98 99 100
777