20
20
6
1 16 3 13 5 6 7 9 8 10 11 12 4 14 15 2 17 18 19 20
1 11 3 4 18 6 7 8 9 10 2 12 13 14 19 16 17 5 15 20
20 2 3 5 4 6 7 16 9 19 11 18 13 14 15 8 17 12 10 1
1 2 6 14 5 3 7 8 9 10 17 12 13 4 15 16 11 18 19 20
1 9 3 17 5 6 7 8 2 10 11 12 13 14 15 16 4 18 19 20
1 2 3 4 17 6 7 8 12 10 11 9 13 14 15 16 5 18 19 20
1 2 3 16 12 6 7 19 9 11 10 5 13 14 15 4 17 18 8 20
17 2 3 4 5 6 7 8 9 10 11 12 15 14 13 16 1 18 19 20
18 5 3 4 2 6 7 8 9 10 11 12 13 14 15 16 17 1 19 20
1 2 3 4 5 6 7 8 13 10 11 12 9 14 15 16 17 18 19 20
1 2 20 4 5 15 7 8 9 10 11 12 13 14 6 16 17 18 19 3
10 5 3 4 2 6 7 8 9 1 11 13 12 14 15 16 17 18 19 20
1 2 3 4 5 13 10 8 9 7 11 12 6 14 15 16 17 18 19 20
1 2 3 14 5 6 19 8 15 10 11 12 13 4 9 16 17 18 7 20
6 2 3 4 5 1 7 8 13 10 11 12 9 14 15 16 17 18 19 20
1 2 19 16 5 10 7 11 9 6 8 12 13 14 15 4 20 18 3 17
1 2 3 4 18 6 7 8 9 10 12 11 16 14 15 13 17 5 19 20
1 2 3 4 5 6 7 8 9 10 11 12 13 14 15 16 17 18 19 20
1 2 3 4 5 15 7 8 9 20 11 12 13 14 6 16 17 18 19 10
1 9 3 4 5 6 7 8 2 10 11 12 13 14 15 16 17 18 19 20
777