30
100
3
1 2 3 4 5 6 7 8 9 10 11 27 13 14 25 16 17 18 19 20 21 26 23 24 15 22 12 28 29 30
1 2 3 4 5 6 7 8 9 10 11 12 13 14 15 16 17 18 19 20 21 22 23 24 25 26 27 28 29 30
1 5 3 4 2 6 7 8 9 10 11 12 13 14 15 16 17 18 19 20 21 22 23 24 25 26 27 28 29 30
14 2 3 4 5 6 7 8 9 10 11 12 13 1 15 16 17 18 19 20 21 29 23 24 25 26 27 28 22 30
1 2 5 4 3 6 7 8 9 10 11 12 13 14 15 16 17 21 19 20 18 22 23 24 25 26 27 28 29 30
1 2 3 16 5 6 7 8 9 10 11 12 13 14 15 4 17 18 23 25 21 22 19 24 20 26 27 28 29 30
11 3 2 4 29 6 7 8 9 10 1 12 13 14 15 16 17 18 19 20 21 22 23 24 25 26 27 28 5 30
1 2 3 4 26 6 7 8 9 10 11 12 13 14 15 16 17 18 19 20 21 22 25 24 23 5 27 28 29 30
1 2 3 4 5 6 7 8 9 10 11 12 13 14 15 16 17 18 19 20 21 22 23 24 25 26 27 28 29 30
1 2 3 4 5 6 7 8 9 10 11 12 13 14 15 16 17 18 19 20 21 22 23 24 25 26 27 28 29 30
1 2 3 4 5 6 7 8 9 10 11 12 13 14 15 16 17 18 19 20 21 22 23 24 25 28 27 26 29 30
1 18 3 4 5 6 7 11 9 12 8 10 13 14 15 16 17 2 19 20 21 22 23 24 25 26 27 28 29 30
6 2 3 4 5 1 7 8 9 10 11 12 13 14 30 16 17 18 19 20 21 22 23 24 25 26 27 28 29 15
1 2 3 4 5 6 7 8 9 10 12 11 13 14 15 16 17 27 19 20 21 22 23 24 25 26 18 28 29 30
1 2 3 4 5 6 7 8 9 10 14 12 13 11 15 16 17 18 19 20 21 22 23 24 25 26 27 28 29 30
1 2 3 4 11 6 7 8 9 10 5 12 13 14 15 16 17 18 19 20 21 22 23 24 25 26 27 28 29 30
1 2 3 4 5 6 7 8 9 28 11 12 13 14 15 29 17 18 19 20 21 22 23 24 25 26 27 10 16 30
1 2 3 4 5 6 7 8 9 10 11 12 13 14 15 16 17 18 19 20 21 22 23 24 25 26 27 28 29 30
26 2 3 4 5 6 7 8 9 10 16 12 13 14 15 11 17 18 19 20 21 22 23 24 25 1 27 28 29 30
1 2 3 4 5 6 7 8 9 10 11 12 13 14 15 16 17 18 19 20 21 22 23 24 25 26 27 28 29 30
14 2 3 4 5 6 7 8 9 10 17 25 13 1 15 16 11 18 19 20 21 22 23 24 12 26 27 28 29 30
1 2 3 4 5 25 7 8 9 10 11 12 13 14 15 16 17 18 19 20 21 22 23 24 6 26 27 28 29 30
1 2 3 4 5 6 7 8 17 10 11 12 13 14 15 16 9 18 19 20 21 22 23 24 25 26 27 28 29 30
1 2 3 4 5 6 16 12 9 10 11 8 13 18 15 7 17 14 19 20 21 22 23 24 25 26 27 28 29 30
1 2 3 4 5 6 7 23 9 10 11 12 13 14 15 16 17 29 19 20 25 22 8 24 21 26 27 28 18 30
1 2 25 4 5 6 7 8 9 10 11 12 13 14 15 16 17 27 19 20 21 22 29 24 3 26 18 28 23 30
1 26 14 4 5 6 7 8 9 10 11 12 13 3 15 16 17 18 19 20 21 22 23 27 25 2 24 28 29 30
11 2 3 4 5 6 7 8 9 10 1 12 13 14 15 16 17 18 19 20 21 22 23 24 25 26 27 28 29 30
1 2 3 4 21 6 7 15 18 10 11 12 13 14 8 16 17 9 19 20 5 22 23 24 25 26 27 28 29 30
1 2 3 4 5 6 7 8 9 10 11 12 13 14 26 16 17 18 19 20 21 22 23 24 25 15 27 28 29 30
1 2 24 4 5 6 7 8 9 10 11 12 13 14 15 16 17 18 19 20 21 22 23 3 25 26 27 28 29 30
1 2 3 4 5 6 7 8 9 10 11 12 13 14 22 16 17 18 19 20 21 15 23 24 25 26 27 28 29 30
1 2 3 4 5 6 23 8 30 10 11 12 13 14 15 16 17 18 19 20 21 22 7 24 25 26 27 28 29 9
22 2 3 4 5 6 7 8 9 10 11 12 13 14 15 16 17 18 23 20 21 1 19 24 25 26 27 28 29 30
1 2 3 4 5 6 7 8 9 10 11 12 13 14 15 25 17 18 19 20 21 22 23 24 16 26 27 28 29 30
1 21 30 23 5 6 7 8 9 10 11 12 13 14 15 16 17 18 19 20 2 22 4 24 25 26 27 28 29 3
1 2 3 4 5 6 7 8 9 10 13 12 11 14 15 16 17 18 19 20 21 22 23 24 25 26 27 28 29 30
1 2 3 4 5 6 7 8 9 10 11 12 26 14 15 28 17 18 29 20 21 22 23 24 25 13 27 16 19 30
1 2 3 4 5 24 7 25 9 10 11 12 13 14 15 16 17 18 19 20 21 22 23 6 8 26 27 28 29 30
1 21 3 4 5 6 7 8 9 10 11 12 13 14 17 16 15 18 19 20 2 22 23 24 25 26 27 28 29 30
1 2 3 13 5 6 7 8 9 10 11 12 4 14 15 26 19 18 17 20 27 22 23 24 25 16 21 28 29 30
1 2 3 16 15 6 7 8 9 10 11 12 13 14 5 4 17 18 19 20 21 22 23 24 25 26 27 28 29 30
1 2 3 4 5 6 10 8 9 7 11 12 13 14 15 16 17 18 19 20 21 22 23 24 25 26 27 28 29 30
1 2 3 4 5 6 7 8 29 10 11 12 13 14 15 16 17 18 19 20 21 22 23 24 25 26 27 28 9 30
1 2 3 4 5 6 7 8 9 10 11 12 13 14 15 16 30 18 19 20 21 22 23 24 25 26 27 28 29 17
1 2 3 4 5 6 7 8 9 22 11 26 13 14 15 16 17 18 19 20 21 10 23 24 25 12 27 28 29 30
1 5 17 4 2 6 7 8 9 10 11 12 13 14 15 27 3 18 19 20 21 22 23 24 25 26 16 28 29 30
1 17 3 4 18 6 7 29 15 10 11 20 13 26 9 16 2 5 19 12 21 22 23 24 25 14 27 28 8 30
1 2 3 4 5 6 7 17 29 10 11 12 13 14 15 16 8 18 19 20 21 22 23 24 25 26 27 28 9 30
1 2 27 4 5 6 7 26 9 10 11 12 13 14 15 16 17 18 19 22 21 20 23 24 25 8 3 28 29 30
1 2 3 4 5 6 7 8 16 19 11 12 13 14 30 9 17 18 10 20 21 22 23 24 25 26 27 28 29 15
29 26 3 4 5 6 17 8 9 10 11 12 13 14 15 16 7 18 19 20 21 27 23 24 25 2 22 28 1 30
1 2 3 24 5 6 7 8 9 10 11 12 13 14 15 16 17 18 19 20 21 22 23 4 25 26 27 28 29 30
1 2 3 4 5 6 7 8 9 10 11 12 13 24 15 16 17 18 19 20 27 25 23 14 22 26 21 28 29 30
1 2 3 13 5 6 7 8 9 10 11 12 4 14 15 16 17 18 19 20 21 22 23 24 30 26 27 28 29 25
1 2 3 4 5 6 7 8 9 10 11 12 13 14 15 16 17 18 19 20 21 22 23 24 25 26 27 28 29 30
1 2 3 4 5 6 7 10 19 8 27 12 13 14 15 16 25 18 9 20 21 22 28 24 17 26 11 23 29 30
13 2 3 4 5 26 7 8 9 10 11 12 1 14 15 16 17 18 19 20 21 22 23 24 25 6 27 28 29 30
1 5 3 4 2 6 7 8 9 10 11 12 15 14 13 16 17 18 19 20 21 22 23 24 25 26 27 28 29 30
1 2 3 4 5 6 7 8 9 10 11 12 22 14 15 16 17 18 19 20 21 13 23 24 25 26 27 28 29 30
16 2 27 8 5 6 7 4 9 10 11 12 13 14 15 1 17 18 19 20 21 22 23 24 25 26 3 28 29 30
1 2 3 4 5 6 7 8 9 10 11 12 13 14 15 16 17 18 19 20 21 22 23 24 25 26 27 28 29 30
1 2 3 4 5 6 7 8 9 11 10 12 13 14 15 16 17 22 19 28 21 18 23 24 25 26 27 20 29 30
1 2 3 4 5 6 7 8 9 10 11 12 13 14 15 16 17 18 19 20 21 22 23 24 25 26 27 28 29 30
1 2 3 4 5 6 7 8 9 10 11 14 13 12 15 16 17 18 19 20 21 22 23 24 25 26 27 28 29 30
1 2 3 27 5 6 7 8 25 10 11 12 13 14 15 21 17 18 19 20 16 22 23 24 9 26 4 28 29 30
4 2 3 1 5 16 7 8 9 10 11 12 13 14 15 6 17 18 19 20 21 22 23 24 25 26 27 28 29 30
1 2 3 4 5 28 7 8 9 10 11 12 13 14 15 16 17 18 19 20 21 22 23 24 25 26 27 6 29 30
1 2 12 4 5 6 19 14 9 10 11 3 13 8 15 16 17 18 7 20 21 22 30 24 25 29 27 28 26 23
1 2 3 4 5 6 7 8 9 10 11 12 13 14 15 16 17 19 18 20 21 22 23 24 25 26 27 28 29 30
1 2 3 4 5 6 7 8 9 10 11 16 13 14 15 12 17 18 19 28 21 22 27 24 25 26 23 20 29 30
1 2 13 4 5 6 7 8 9 20 11 12 3 14 15 16 17 18 19 10 21 22 23 24 25 26 27 28 29 30
1 2 3 4 5 6 30 8 9 10 11 12 13 14 15 25 17 18 23 20 21 22 19 24 16 26 27 28 29 7
1 2 20 4 5 6 7 8 9 10 11 23 13 14 15 30 17 18 19 3 21 22 12 24 25 26 27 28 29 16
1 2 3 4 5 6 7 8 9 10 11 30 24 20 15 16 17 18 19 14 21 22 23 13 25 26 27 28 29 12
1 2 3 4 5 6 7 8 9 10 11 12 13 14 26 16 17 18 19 20 21 22 23 24 25 15 27 28 29 30
1 2 3 4 5 6 7 8 9 10 11 12 13 14 15 16 17 18 19 20 21 22 23 24 25 26 27 28 29 30
1 2 9 4 5 6 7 8 3 10 11 12 13 14 15 16 17 18 19 20 21 22 23 24 25 26 27 28 29 30
1 2 3 4 5 6 7 8 9 10 11 12 13 14 25 16 17 18 19 20 21 22 23 24 15 26 27 28 29 30
1 2 3 4 5 6 20 8 15 10 11 12 13 14 9 16 17 18 19 7 21 22 24 23 25 26 27 28 29 30
1 2 3 4 5 8 7 6 9 10 11 12 13 14 15 16 17 18 19 20 21 22 23 24 25 26 27 28 29 30
1 2 3 4 5 6 7 8 9 10 11 12 13 14 15 16 17 18 19 20 21 22 23 24 25 26 27 28 29 30
1 2 3 4 5 6 7 8 9 10 11 14 13 12 15 30 17 22 19 20 21 18 23 24 25 26 27 28 29 16
1 2 3 4 5 6 16 8 9 10 11 12 13 14 15 7 17 18 25 20 21 22 23 24 19 26 27 28 29 30
1 2 3 4 5 6 7 8 20 10 11 12 13 14 15 16 17 18 19 9 21 22 23 24 25 26 27 28 29 30
1 2 3 4 5 6 7 11 9 10 8 12 13 14 15 16 17 18 19 20 21 22 23 24 25 26 27 28 29 30
1 2 3 4 5 6 7 8 9 10 11 12 13 14 15 16 17 18 19 20 21 22 23 24 25 26 27 28 29 30
1 13 29 25 5 19 7 8 9 10 11 12 2 14 15 16 17 18 6 26 21 22 23 24 4 20 27 28 3 30
25 2 3 4 5 6 7 8 9 10 22 12 13 14 15 16 17 18 19 20 21 11 23 24 1 26 27 28 29 30
1 2 7 11 5 6 3 8 9 10 4 12 15 17 13 16 14 18 19 20 21 22 23 29 25 26 27 28 24 30
1 2 3 4 20 6 7 8 9 10 11 12 13 14 15 16 17 18 19 5 21 22 23 24 25 26 27 28 29 30
5 2 3 4 1 6 7 8 9 10 11 12 13 14 25 16 17 18 19 20 21 22 23 27 15 26 24 28 29 30
1 2 3 4 5 16 7 8 9 24 11 12 13 14 15 6 23 18 19 20 21 22 17 10 25 26 27 28 29 30
1 2 3 12 5 6 16 8 19 10 11 4 13 14 15 7 17 18 9 20 21 22 23 24 25 26 27 28 29 30
1 2 27 4 5 6 7 8 9 10 11 12 13 14 15 23 17 18 19 20 21 22 16 24 25 26 3 28 29 30
1 2 21 4 5 6 7 8 9 10 11 12 13 14 30 16 17 24 19 20 3 22 23 18 25 26 27 28 29 15
1 2 3 4 5 27 7 8 9 10 11 12 13 14 15 16 17 18 19 20 21 22 23 24 28 26 6 25 29 30
1 2 3 4 5 6 23 8 18 10 11 12 13 14 15 16 17 9 19 20 21 22 7 24 25 26 27 28 29 30
1 2 3 4 5 6 27 8 9 10 11 12 13 14 15 16 17 18 19 20 21 22 23 24 25 26 7 28 29 30
1 26 3 5 4 6 7 8 9 10 11 12 14 13 15 16 17 18 19 20 21 22 23 24 25 2 27 28 29 30
777