30
30
4
1 20 3 4 5 6 7 8 9 13 19 12 10 14 15 16 17 18 11 2 21 22 23 24 25 26 27 28 29 30
1 2 30 4 5 21 7 8 9 24 11 12 14 13 15 16 17 18 19 20 6 22 23 10 25 28 27 26 29 3
1 8 3 4 5 6 7 2 9 10 11 12 13 14 15 30 17 20 19 18 21 22 23 27 25 26 24 28 29 16
1 2 3 22 7 6 5 8 9 20 11 12 13 14 25 16 17 18 19 10 21 4 23 24 15 26 27 28 29 30
28 2 3 4 5 6 26 8 9 10 11 12 13 14 15 16 17 18 19 20 21 22 23 24 25 7 27 1 29 30
1 19 3 4 21 6 7 8 18 20 11 12 13 14 15 16 17 9 2 10 5 22 23 24 25 26 27 28 29 30
1 2 29 30 5 6 7 8 9 10 11 12 13 14 27 16 19 18 17 28 21 22 23 24 25 26 15 20 3 4
1 22 3 18 5 6 7 28 9 10 11 12 13 20 15 16 19 4 17 14 21 2 23 24 25 26 27 8 29 30
1 15 3 4 5 24 7 8 9 10 11 12 14 13 2 16 21 18 19 20 17 22 23 6 25 26 27 28 29 30
1 2 3 28 5 6 7 8 10 9 11 12 13 24 15 16 17 18 19 20 21 22 23 14 25 26 27 4 29 30
1 14 3 4 17 6 7 8 22 10 11 20 13 2 15 16 5 18 23 12 21 9 19 24 25 26 27 28 29 30
1 2 3 4 5 6 7 8 9 10 11 12 13 14 15 16 17 18 19 20 21 22 23 24 25 26 27 28 29 30
1 2 3 4 5 6 7 8 9 10 11 27 13 14 15 16 17 18 19 20 21 22 24 23 26 25 12 28 29 30
27 2 3 29 5 6 7 8 9 10 11 12 13 20 15 16 17 18 19 14 21 22 23 24 25 26 1 28 4 30
20 2 3 28 10 6 7 8 9 5 11 12 17 14 15 16 13 18 19 1 21 22 23 24 25 26 27 4 29 30
1 2 3 4 5 12 7 8 9 10 11 6 13 14 24 16 17 18 19 20 21 22 23 15 25 26 27 28 29 30
1 2 3 24 5 6 7 27 9 10 11 12 19 14 15 20 17 18 13 16 21 29 23 4 25 26 8 28 22 30
4 2 3 1 6 5 7 20 9 10 11 12 13 14 15 16 17 18 19 8 21 26 23 24 25 22 27 28 29 30
1 18 3 23 5 22 7 8 9 10 11 12 13 14 15 16 17 2 19 20 21 6 4 24 25 26 27 28 29 30
1 2 3 4 5 6 7 8 9 10 11 12 13 14 15 16 23 18 21 20 19 22 17 24 25 26 27 28 29 30
1 2 3 4 5 15 7 8 9 10 11 17 22 25 6 23 12 24 19 20 21 13 16 18 14 26 27 28 29 30
1 2 3 4 5 6 7 8 24 10 11 12 13 14 15 29 17 18 19 20 21 22 23 9 25 26 27 28 16 30
1 2 25 4 5 9 12 22 6 10 11 7 13 14 15 16 23 18 19 20 21 8 17 24 3 26 27 28 29 30
1 2 3 4 5 25 7 8 9 16 20 24 13 14 15 10 17 27 19 11 21 22 23 12 6 26 18 29 28 30
1 2 3 4 5 6 7 8 9 10 11 12 13 14 15 16 17 18 19 20 21 22 23 24 25 26 27 28 29 30
1 2 3 4 5 6 7 8 9 10 11 15 13 14 12 16 27 18 29 20 21 22 23 24 25 26 17 28 19 30
30 2 3 29 5 6 9 8 7 10 11 12 13 14 15 16 17 18 19 20 21 24 23 22 25 26 27 28 4 1
1 2 3 4 5 6 7 8 9 10 11 12 13 14 15 16 17 18 19 20 21 30 23 24 25 26 27 28 29 22
1 2 3 4 5 6 21 8 9 10 11 12 13 14 15 16 17 18 19 20 7 22 23 24 25 26 27 28 29 30
1 2 27 4 5 6 7 8 9 10 11 12 13 14 15 26 17 18 19 20 21 22 23 24 25 16 3 28 29 30
777