30
30
3
1 2 3 4 5 6 7 8 9 10 11 19 13 14 15 16 26 18 12 20 21 22 23 24 25 17 27 28 29 30
1 2 3 4 5 6 7 8 9 10 11 12 13 14 15 16 17 18 19 20 21 22 23 24 25 26 27 28 29 30
1 2 3 4 5 6 7 8 9 16 11 12 13 14 15 10 17 18 19 20 21 22 23 24 25 26 27 28 29 30
1 2 3 4 30 6 18 8 9 10 11 12 13 14 15 16 17 7 19 20 21 22 23 24 25 26 27 28 29 5
1 2 3 4 5 6 7 8 9 10 11 12 13 14 15 16 17 18 19 20 21 22 23 24 25 26 27 28 29 30
1 2 3 4 5 6 7 8 9 10 11 12 14 13 15 16 17 18 19 20 21 22 23 24 25 26 27 28 29 30
1 2 3 4 5 6 7 8 9 10 11 12 13 14 15 16 17 18 19 20 25 22 23 24 21 26 27 28 29 30
18 2 3 4 9 6 7 8 5 10 11 12 13 14 15 16 17 1 19 20 21 22 23 24 25 26 27 28 29 30
1 2 3 4 5 6 7 19 9 10 11 12 13 14 15 16 17 18 8 20 21 22 23 24 25 26 27 28 29 30
1 2 3 18 5 6 7 8 9 10 11 12 13 14 15 16 17 4 19 20 21 22 23 24 25 26 27 28 29 30
1 2 3 18 5 6 7 8 9 10 11 12 13 14 15 16 17 4 19 24 21 22 23 20 25 26 27 28 29 30
1 2 3 4 5 6 7 18 9 10 11 12 13 14 15 16 17 8 19 20 21 22 23 24 25 26 27 28 29 30
1 2 3 4 10 6 7 8 9 5 11 12 13 23 15 16 17 18 19 20 21 22 14 24 25 26 27 28 29 30
1 2 3 4 30 6 7 8 9 10 11 12 13 16 15 14 17 18 19 20 21 22 23 24 25 26 27 28 29 5
1 2 3 4 5 6 7 8 9 10 11 12 13 14 15 16 17 18 19 20 21 22 23 24 25 26 27 28 29 30
1 2 3 4 5 6 7 8 9 10 11 12 13 14 15 16 17 18 19 20 21 22 23 24 25 26 27 28 29 30
1 2 3 4 5 6 7 8 9 10 11 12 13 14 15 16 17 18 19 20 21 22 23 24 25 26 27 28 29 30
1 2 3 4 5 6 7 8 9 10 11 12 13 14 21 16 17 18 19 20 15 22 23 24 25 26 27 28 29 30
1 2 3 4 5 6 7 8 9 10 11 12 13 14 15 16 17 18 19 20 21 22 23 24 25 26 27 28 29 30
1 2 3 4 5 6 29 8 9 10 11 12 24 14 15 16 17 18 19 20 21 22 23 13 25 26 27 28 7 30
1 2 8 4 5 20 7 3 9 10 11 12 13 14 15 16 17 18 19 6 21 22 23 24 25 26 27 28 29 30
1 2 3 4 5 6 7 8 9 10 11 12 13 14 15 20 17 18 19 16 21 22 23 24 25 26 27 28 29 30
1 2 3 4 5 6 7 8 9 10 11 12 13 14 15 16 17 18 19 20 21 22 23 24 25 26 27 28 29 30
1 2 13 4 5 6 7 8 9 10 11 12 3 14 15 16 17 18 19 20 21 22 23 24 25 26 27 28 29 30
1 2 3 4 5 6 7 8 9 10 11 12 13 14 15 16 17 18 19 20 21 30 23 24 25 26 27 28 29 22
1 2 3 4 5 6 7 8 9 10 20 12 13 14 15 16 17 18 19 11 21 22 23 24 25 26 27 28 29 30
1 2 3 4 5 6 7 8 9 10 11 12 13 14 15 28 17 18 19 20 21 22 23 24 25 26 27 16 29 30
14 2 3 4 5 6 7 8 9 10 11 12 13 1 15 16 17 18 19 20 21 22 23 27 25 26 24 28 29 30
1 2 3 4 5 6 7 8 9 10 11 12 13 14 15 16 17 18 19 20 21 22 23 24 25 26 27 28 29 30
1 2 3 4 5 6 7 8 9 10 11 12 13 14 15 16 17 18 19 20 21 22 23 24 25 26 27 28 29 30
777