30
50
10
1 2 29 4 5 6 7 8 9 10 11 12 13 14 15 16 17 18 19 20 23 22 21 24 25 26 27 28 3 30
1 2 3 4 5 13 7 8 9 10 11 12 6 19 15 16 17 18 14 20 21 22 23 24 25 26 27 28 29 30
1 10 3 4 5 30 7 8 9 2 11 12 13 14 15 16 17 18 19 20 21 22 23 24 25 26 27 28 29 6
1 2 3 4 5 6 7 8 9 10 11 12 20 14 15 16 17 18 19 13 21 22 23 24 25 26 27 28 29 30
1 2 3 4 5 15 7 8 9 10 11 12 13 14 6 16 17 18 19 20 21 22 23 24 25 26 27 28 29 30
1 12 3 4 5 6 7 8 9 10 11 2 13 14 15 16 17 18 19 20 21 22 23 24 25 26 27 28 29 30
17 2 3 4 26 6 7 9 8 10 15 27 13 14 11 16 1 18 19 20 21 22 23 24 25 5 12 28 29 30
1 2 3 4 5 6 7 8 9 10 11 12 13 14 15 16 17 18 19 20 21 22 23 24 25 26 27 28 29 30
1 2 3 4 5 6 11 8 9 10 7 12 13 14 15 16 17 18 19 20 21 22 25 24 23 26 27 28 29 30
1 4 3 2 5 6 7 8 9 10 11 12 13 14 15 16 17 18 19 20 22 21 23 24 25 26 27 28 29 30
1 2 3 4 5 6 7 8 9 10 11 12 13 14 15 16 17 18 19 20 21 22 23 24 25 26 27 28 29 30
1 2 12 4 5 6 7 8 20 10 11 3 13 14 15 16 17 18 19 9 21 22 23 24 25 26 27 28 29 30
1 2 3 4 5 6 14 8 9 10 11 12 13 7 15 16 17 18 19 20 21 22 23 24 25 26 27 28 29 30
1 2 3 4 5 6 7 8 9 10 11 12 13 14 15 16 17 18 19 20 21 22 23 24 25 26 27 28 29 30
1 2 3 4 5 6 7 8 9 10 11 12 13 14 15 21 17 18 19 20 16 22 23 27 26 25 24 28 29 30
1 2 3 4 5 6 7 8 9 10 11 12 13 14 15 16 17 18 19 20 21 23 22 24 25 26 27 28 30 29
1 2 3 4 11 6 7 20 9 10 5 12 13 21 15 16 29 18 19 8 14 26 23 24 25 22 27 28 17 30
1 2 3 29 5 6 7 8 9 10 11 12 13 27 15 16 17 18 19 20 21 22 24 23 25 26 14 28 4 30
1 2 3 4 5 6 7 8 9 10 11 12 23 14 15 16 17 18 24 20 21 30 13 19 25 26 27 28 29 22
19 2 3 4 5 6 7 8 9 10 11 12 13 14 21 16 17 18 1 20 15 22 25 24 23 26 27 28 29 30
1 2 3 7 5 6 4 8 21 10 11 12 13 14 15 16 17 18 22 20 9 19 23 24 25 26 27 30 29 28
1 2 3 4 5 6 7 8 9 10 11 12 13 14 15 16 17 18 19 20 21 22 23 24 25 26 27 28 29 30
1 2 3 4 5 6 27 21 9 10 11 12 13 14 15 16 17 18 19 20 8 22 23 24 25 26 7 28 29 30
1 2 3 4 5 6 19 8 9 10 11 12 13 14 15 16 17 18 7 20 21 22 23 24 25 26 27 28 29 30
1 2 3 4 5 6 7 8 9 10 11 12 13 14 15 16 17 18 19 20 29 22 23 24 25 26 27 28 21 30
1 2 21 4 5 6 7 8 20 10 11 12 29 14 26 16 17 18 28 9 3 22 23 24 25 15 27 19 13 30
1 2 24 4 5 6 7 8 9 10 11 28 13 14 15 16 17 18 19 20 21 22 23 3 25 26 30 12 29 27
1 2 3 4 5 6 7 8 9 24 11 12 13 14 15 16 22 18 19 20 26 17 23 10 25 21 27 28 29 30
1 2 3 4 5 6 7 16 22 10 11 12 13 14 15 8 17 18 19 20 21 9 23 24 25 26 27 28 29 30
1 2 3 4 5 6 7 8 9 10 24 12 13 14 15 16 30 18 19 20 21 22 23 11 25 26 28 27 29 17
1 2 3 4 12 6 7 8 9 10 29 5 13 14 15 16 17 18 19 20 21 22 23 24 25 26 27 28 11 30
1 2 3 4 7 6 5 8 9 10 11 12 13 14 15 16 17 18 19 20 21 22 23 24 25 26 27 28 29 30
1 6 3 4 5 2 12 8 9 10 11 7 13 14 15 16 17 18 19 20 21 22 23 24 25 26 27 28 29 30
1 11 3 4 5 6 9 8 7 10 2 12 13 14 15 16 17 20 19 18 21 22 30 24 25 26 27 28 29 23
25 2 3 4 5 6 7 8 9 10 11 12 13 14 15 16 17 18 19 20 21 22 23 24 1 26 27 28 29 30
1 2 3 4 5 6 7 8 9 10 11 12 13 14 15 16 17 19 18 20 21 22 23 24 25 26 27 28 29 30
1 2 3 4 5 18 7 8 9 10 20 25 13 14 15 16 17 6 19 11 21 22 23 24 12 26 27 28 29 30
1 2 3 4 5 6 7 8 9 10 11 12 29 14 15 16 17 18 19 20 21 22 23 24 25 26 27 28 13 30
1 2 3 4 5 6 7 8 27 10 11 12 13 14 15 16 17 18 19 20 21 22 23 24 25 26 9 28 29 30
1 2 3 4 5 6 7 8 9 10 11 12 13 14 15 16 17 18 19 24 21 22 23 20 25 26 27 28 29 30
30 2 3 4 5 6 7 8 9 10 11 18 13 14 26 16 17 12 19 20 21 22 23 24 25 15 27 28 29 1
1 2 3 4 5 6 7 8 9 10 26 12 14 13 15 16 19 18 17 20 21 22 23 24 25 11 27 28 29 30
1 2 3 4 5 6 7 8 22 10 11 12 13 14 15 16 17 18 19 20 21 9 23 24 25 26 27 28 29 30
1 2 18 4 5 6 7 8 9 10 11 12 13 14 15 16 17 3 19 20 21 22 23 24 25 26 27 28 29 30
1 3 2 4 5 6 7 8 9 10 11 12 13 14 15 16 28 18 19 20 21 22 23 24 25 26 27 17 29 30
1 2 3 4 5 6 7 8 9 10 11 12 13 14 15 16 17 18 19 20 21 25 23 24 22 26 27 28 29 30
1 24 3 6 5 4 7 8 25 10 11 12 13 14 15 16 17 18 19 20 21 22 23 2 9 26 27 28 29 30
11 2 3 4 5 6 7 27 9 10 1 12 13 14 15 16 17 18 19 20 21 22 23 24 25 26 8 28 29 30
1 2 3 4 5 6 7 8 9 10 11 12 13 14 15 16 17 18 19 20 21 22 23 24 25 26 27 28 29 30
1 2 28 4 5 6 7 8 9 10 29 26 13 14 15 16 17 18 19 20 21 22 23 24 25 12 27 3 11 30
777