30
50
6
1 2 26 4 25 6 7 8 9 21 11 12 13 14 15 16 17 18 19 20 10 22 23 24 5 3 27 28 29 30
1 24 3 19 5 6 14 8 9 10 11 16 29 7 15 12 17 18 4 20 21 22 23 2 25 26 27 28 13 30
1 2 3 4 5 6 25 8 9 10 11 12 13 17 15 16 14 18 19 20 21 22 23 24 7 26 27 28 29 30
12 27 3 4 5 14 7 8 9 10 11 1 13 6 15 16 22 18 19 20 21 17 23 24 25 26 2 28 29 30
14 2 3 4 10 6 18 8 9 5 11 12 13 1 20 16 17 7 19 15 21 22 23 24 25 26 27 28 29 30
1 29 3 4 16 6 7 8 9 25 11 12 13 30 15 5 17 18 19 20 21 22 23 24 10 26 27 28 2 14
22 2 14 4 5 6 7 8 9 10 11 12 13 3 15 16 17 27 19 20 21 1 23 24 25 26 18 28 29 30
13 2 8 4 18 9 7 3 6 10 12 11 1 14 15 16 17 5 19 20 21 22 23 24 25 26 27 28 29 30
1 2 8 4 26 11 7 3 9 10 6 30 13 14 15 16 22 29 20 19 21 17 23 24 25 5 27 28 18 12
1 2 3 4 5 10 7 8 9 6 11 14 21 12 15 16 17 18 19 20 13 22 23 24 25 26 27 28 29 30
1 2 3 4 5 6 7 8 9 10 11 12 14 13 15 16 17 18 19 20 21 22 23 24 25 26 27 28 29 30
6 2 3 4 5 1 7 8 11 10 9 12 13 14 15 16 17 26 19 20 21 22 23 24 25 18 27 28 29 30
1 2 25 4 28 6 7 8 9 12 30 10 13 14 15 16 17 18 19 20 21 22 23 24 3 26 27 5 29 11
1 2 3 4 5 6 23 8 9 10 11 12 13 14 15 29 17 19 18 20 21 22 7 24 25 26 27 28 16 30
1 2 3 4 5 6 7 8 9 10 11 12 25 14 15 23 17 28 19 20 21 22 16 24 13 26 27 18 29 30
16 2 6 4 20 3 7 8 9 15 11 12 25 14 10 1 17 18 19 5 21 22 23 24 13 26 27 28 29 30
1 2 22 4 5 10 24 8 9 6 11 12 15 14 13 16 17 27 19 20 21 3 23 7 29 26 18 28 25 30
1 2 5 4 3 6 7 8 9 10 11 12 24 14 15 16 17 18 19 20 21 22 23 13 25 26 27 28 29 30
29 2 3 4 5 6 13 16 9 10 11 12 7 14 15 8 17 18 19 20 21 22 23 24 25 26 27 28 1 30
1 2 3 4 5 6 7 8 9 10 11 12 13 18 15 20 29 14 19 16 21 24 23 22 25 26 27 28 17 30
1 17 3 13 5 6 7 10 9 8 12 11 4 14 15 27 2 18 19 20 21 22 23 24 25 26 16 28 29 30
1 30 3 15 5 22 7 9 8 10 11 25 13 14 4 16 17 18 19 20 28 6 23 24 12 26 27 21 29 2
28 11 3 4 5 6 7 8 9 10 2 23 13 14 15 26 17 18 19 29 21 22 12 24 25 16 27 1 20 30
1 2 3 4 5 6 7 11 9 10 8 18 13 14 15 16 28 12 19 27 21 22 23 24 25 26 20 17 29 30
1 2 3 4 5 6 30 8 9 10 25 12 13 14 15 16 17 18 19 20 21 23 22 24 11 26 27 28 29 7
1 2 9 4 5 6 7 8 3 10 11 12 13 14 15 16 17 23 19 20 21 22 18 24 30 26 27 28 29 25
1 2 27 29 5 22 7 8 28 10 23 12 13 14 15 16 17 18 19 20 21 6 11 24 30 26 3 9 4 25
23 2 3 4 5 15 30 9 8 10 21 17 13 14 6 16 12 18 19 20 11 22 1 24 25 26 27 28 29 7
1 15 3 20 6 5 7 8 9 10 11 12 13 14 2 16 17 18 19 4 21 30 23 24 25 26 27 28 29 22
1 30 3 4 5 6 7 8 9 25 11 12 13 14 15 16 17 18 19 20 21 22 23 24 10 26 27 28 29 2
17 2 3 4 5 30 7 8 9 10 11 12 13 18 15 16 1 14 19 20 21 22 23 24 26 25 28 27 29 6
1 2 3 4 5 6 7 8 9 10 11 12 17 14 15 16 13 18 19 20 21 22 23 24 25 26 27 28 29 30
1 8 22 15 5 6 25 2 9 10 11 12 13 14 4 16 17 18 19 20 21 3 23 24 7 26 27 28 29 30
1 2 3 4 5 9 16 8 6 10 11 12 14 13 15 7 17 18 19 20 21 22 23 24 25 29 27 28 26 30
8 16 3 4 5 6 7 1 9 10 11 12 25 14 15 2 17 28 22 20 21 19 23 24 13 26 27 18 29 30
1 2 3 4 5 6 7 23 10 9 11 22 13 14 15 16 17 18 19 20 21 12 8 24 25 26 27 28 29 30
1 2 3 4 5 6 7 8 9 10 15 17 13 14 11 16 12 18 19 20 21 22 23 24 25 26 27 28 29 30
1 2 3 30 5 16 7 8 9 17 11 13 12 14 15 6 10 18 23 20 24 22 19 21 25 26 27 28 29 4
1 2 3 4 5 6 7 8 9 10 11 12 13 14 15 16 25 22 19 20 21 18 23 24 17 26 27 28 29 30
1 2 3 22 30 29 7 13 9 14 11 12 8 10 15 16 17 18 19 20 21 4 23 24 25 26 27 28 6 5
1 2 28 24 5 6 7 17 9 10 11 12 29 14 15 16 8 18 22 20 21 19 23 4 25 26 27 3 13 30
1 5 3 4 2 6 21 8 30 10 11 12 13 14 15 19 28 18 16 20 7 22 23 24 25 26 27 17 29 9
1 21 3 4 5 6 7 8 9 13 19 12 10 14 15 16 30 18 11 20 2 22 23 24 25 26 27 29 28 17
1 7 27 4 5 6 2 8 9 19 11 12 13 24 15 16 17 18 10 20 21 22 23 14 25 26 3 28 29 30
22 2 3 8 5 12 10 4 9 7 16 6 13 23 18 11 17 15 19 20 21 1 14 24 25 26 27 28 29 30
12 2 3 4 5 6 7 8 9 10 11 1 13 14 15 16 17 18 30 20 21 22 23 24 25 26 27 28 29 19
13 18 3 4 5 8 14 6 9 10 11 12 1 7 15 16 17 2 19 20 21 25 23 24 22 26 27 28 29 30
1 2 3 14 5 6 7 8 9 10 11 22 13 4 15 17 16 19 18 20 21 12 23 24 25 26 27 28 29 30
23 2 18 9 5 6 7 8 4 10 11 12 13 14 26 16 17 3 21 20 19 22 1 24 25 15 27 28 29 30
1 2 3 7 5 6 4 8 9 10 11 12 20 14 17 16 15 18 19 13 21 22 23 24 25 26 27 28 29 30
777