50
100
3
46 2 3 16 10 6 38 20 9 5 11 12 13 14 15 4 17 18 19 8 21 22 23 24 25 28 27 26 29 30 31 32 33 34 35 36 37 7 39 40 45 42 43 44 41 1 47 48 49 50
1 10 3 48 5 21 7 8 9 2 27 12 13 14 15 16 17 18 19 20 6 22 23 24 25 26 11 28 29 46 31 32 33 34 44 36 37 38 39 40 41 42 43 35 45 30 47 4 49 50
1 29 3 4 5 6 7 16 9 10 11 12 13 14 15 8 17 21 19 20 18 22 23 42 25 26 36 28 2 30 31 32 33 34 35 27 37 38 39 40 41 24 43 44 45 46 47 48 49 50
1 2 3 4 5 6 7 8 26 14 11 12 13 10 15 16 17 18 19 20 21 22 23 24 25 9 27 28 29 30 31 32 33 34 35 36 37 38 39 40 41 42 43 49 45 46 47 48 44 50
1 2 3 4 5 6 12 8 43 10 11 7 13 14 15 48 17 18 19 20 21 22 23 24 25 26 27 28 29 30 31 32 41 34 35 36 37 38 39 40 33 42 9 44 45 46 47 16 49 50
1 2 3 4 5 6 7 8 12 10 11 9 13 27 15 16 40 18 19 20 21 22 38 24 25 26 14 28 33 30 31 32 29 34 35 36 37 23 39 17 41 42 43 44 45 46 47 48 49 50
10 2 17 4 5 6 34 8 9 1 11 48 13 14 15 27 3 18 19 20 21 22 23 24 25 26 16 28 29 30 31 32 33 7 35 36 37 38 39 40 41 42 43 44 45 46 47 12 49 50
1 13 32 33 5 6 7 8 9 10 47 31 2 14 15 16 50 18 19 20 21 22 23 24 25 26 27 28 29 30 12 3 4 34 35 36 37 38 39 40 41 42 43 44 45 46 11 48 49 17
1 2 3 50 5 6 7 8 9 10 11 12 13 14 34 16 17 18 19 20 21 22 23 24 25 26 27 28 29 30 31 32 33 15 35 36 37 38 39 40 41 42 43 44 45 46 47 48 49 4
2 1 3 4 35 6 37 8 9 10 11 12 13 14 15 40 17 18 34 20 21 22 23 24 25 26 27 46 29 30 31 32 49 19 5 36 7 38 39 16 41 42 43 44 45 28 47 48 33 50
1 2 3 45 6 5 7 8 9 10 19 12 13 14 15 16 17 18 11 20 21 22 23 24 25 26 27 28 29 30 32 31 39 34 35 36 37 38 33 40 41 42 43 44 4 46 47 48 49 50
1 2 3 4 5 6 12 8 9 10 11 7 13 16 15 14 27 18 19 20 21 22 29 24 25 26 17 28 23 31 30 32 33 34 35 36 37 38 39 40 41 42 43 44 45 46 47 48 49 50
1 20 3 4 5 6 7 8 9 10 11 12 13 14 15 16 17 18 19 2 21 36 29 24 33 26 27 28 23 30 31 32 25 34 35 22 37 38 39 40 41 42 43 44 45 46 47 48 49 50
1 34 3 4 16 6 7 8 9 36 11 12 41 14 15 5 17 18 19 20 21 43 23 24 25 26 27 28 29 30 31 32 33 2 35 10 37 38 39 40 13 42 22 44 45 46 47 48 49 50
1 2 3 4 5 6 7 8 9 32 11 12 26 14 15 16 17 18 19 35 21 22 23 24 25 13 46 28 29 30 31 10 33 34 20 36 37 38 39 40 41 42 43 44 45 27 47 48 49 50
1 2 3 4 5 6 7 8 9 10 11 12 13 22 15 16 17 32 19 20 26 14 23 24 25 21 27 28 29 30 31 18 33 34 35 36 37 43 39 40 41 42 38 44 45 46 47 48 49 50
1 2 3 17 5 6 7 8 9 10 11 12 13 14 49 16 4 18 19 20 21 22 27 24 25 26 23 28 29 30 31 32 33 34 35 36 37 38 39 40 41 48 43 44 45 46 47 42 15 50
1 2 3 4 38 6 7 8 42 10 11 12 13 14 15 16 17 18 19 20 21 22 23 24 25 26 27 28 29 30 31 32 33 34 35 36 37 5 39 40 41 9 43 44 45 46 47 48 49 50
1 2 3 4 5 6 7 8 9 10 36 12 13 14 32 16 17 18 19 20 21 22 23 24 28 26 27 25 29 30 31 15 33 34 35 11 37 38 39 40 41 42 43 44 45 46 47 48 49 50
1 2 3 4 5 6 27 8 9 10 11 12 13 14 15 16 17 18 19 20 21 22 23 24 25 26 7 28 29 30 35 32 33 34 31 36 37 38 39 40 41 42 43 44 45 46 47 48 49 50
38 33 3 4 5 6 7 8 9 10 11 12 13 14 15 16 17 18 19 39 21 22 23 24 25 26 27 28 29 30 31 32 2 34 35 36 37 1 20 40 41 42 43 44 45 46 47 48 49 50
12 2 3 4 5 6 7 8 9 33 11 1 13 14 15 16 17 18 19 20 21 22 23 24 25 26 27 43 29 30 31 32 10 34 35 36 37 38 39 40 41 42 28 44 47 46 45 48 49 50
1 2 3 48 5 6 9 8 7 10 11 12 13 14 15 16 17 18 19 20 21 22 23 24 25 26 27 28 29 30 31 32 33 49 35 36 37 38 39 43 41 42 40 44 45 46 50 4 34 47
1 2 3 4 5 49 7 8 9 10 11 12 13 14 15 27 17 18 19 20 21 22 23 24 25 26 16 28 29 30 31 32 33 34 35 36 37 38 39 40 41 42 43 44 45 46 47 48 6 50
1 2 3 4 5 6 7 8 9 10 11 12 13 14 15 16 17 18 19 20 21 41 23 24 25 26 27 28 29 30 31 34 33 32 35 36 37 38 39 40 22 42 43 44 45 47 46 48 49 50
1 2 3 4 5 6 7 8 9 10 11 12 13 14 15 16 17 18 49 20 21 22 23 24 25 30 27 28 29 26 48 32 33 34 37 36 35 38 39 40 41 42 43 44 45 46 47 31 19 50
1 2 3 47 5 6 30 8 9 10 38 12 13 14 15 16 17 18 19 20 21 22 23 24 25 26 28 27 29 7 31 32 33 34 35 36 37 11 39 40 41 42 43 44 45 46 4 48 49 50
15 2 6 4 5 3 7 8 9 10 11 12 13 14 1 16 17 18 19 20 21 22 23 24 25 48 27 28 29 30 31 32 33 34 44 36 37 38 39 40 41 42 43 35 45 46 47 26 49 50
1 44 3 4 5 6 7 8 9 10 11 46 13 14 47 16 17 18 19 20 21 22 23 24 48 26 27 28 29 30 31 32 33 34 35 36 37 38 39 40 41 42 43 2 45 12 15 25 49 50
1 2 21 4 5 6 7 8 9 10 11 33 15 14 13 16 17 18 19 20 3 22 23 24 25 26 27 28 29 30 31 32 12 34 35 36 37 38 39 40 41 42 43 44 45 46 47 48 49 50
1 2 3 39 5 6 7 8 9 49 11 12 13 14 15 16 17 18 28 20 21 22 23 24 25 26 27 19 29 30 31 32 33 34 35 36 37 38 4 40 41 42 43 44 45 46 47 48 10 50
1 2 3 4 5 6 7 8 9 14 11 12 25 10 41 16 17 18 30 20 21 22 23 24 13 26 27 39 29 19 31 32 33 34 35 36 42 38 28 40 15 37 43 44 45 46 47 48 49 50
1 2 3 4 5 6 7 8 9 43 26 12 13 14 15 16 17 23 19 20 21 22 18 24 25 11 27 28 29 30 31 32 33 34 35 36 37 38 39 40 41 42 10 44 45 46 47 48 49 50
24 2 3 4 5 6 7 19 9 10 11 17 13 14 15 16 12 18 8 20 21 22 23 1 25 26 27 28 29 30 31 32 33 34 35 36 37 38 39 40 41 42 43 44 45 46 47 48 49 50
10 11 3 31 5 6 32 8 9 1 2 45 13 44 35 16 17 38 19 20 21 22 23 24 25 26 27 41 29 30 4 7 33 34 15 36 37 18 39 40 28 42 43 14 12 46 47 48 50 49
1 2 3 48 5 6 7 8 9 10 11 12 43 14 15 16 17 18 19 20 21 22 23 24 25 26 27 28 38 30 31 32 33 34 35 36 37 29 39 40 41 42 13 44 45 46 47 4 49 50
1 2 3 4 21 6 7 9 8 10 11 12 13 48 15 16 17 23 19 20 5 22 18 24 25 26 27 28 29 30 31 32 33 34 35 36 37 38 39 40 41 42 43 44 45 46 47 14 49 50
1 2 3 4 13 6 7 8 9 36 11 12 5 14 15 16 17 18 19 20 21 22 38 24 25 26 27 28 29 30 31 32 33 34 35 10 37 23 39 40 41 42 43 44 45 46 47 48 49 50
1 23 3 4 5 6 7 8 9 10 11 12 13 14 30 16 17 18 19 26 21 22 2 24 25 20 27 28 29 15 31 32 33 34 35 36 37 38 39 40 41 42 43 44 45 46 47 48 49 50
1 2 3 12 5 6 7 8 9 10 11 4 13 14 15 16 17 18 19 20 21 31 23 24 25 26 49 28 29 30 22 32 33 34 35 36 37 38 39 40 41 42 43 44 45 46 47 48 27 50
1 2 3 4 5 6 7 8 9 10 11 12 13 14 31 16 17 18 19 20 21 22 23 24 25 26 27 28 29 30 15 46 33 34 35 36 37 38 39 40 41 42 43 44 45 32 47 48 49 50
1 2 3 4 5 28 7 8 9 10 11 12 13 14 15 16 17 18 19 21 20 22 23 24 25 26 32 6 29 30 31 27 33 34 35 48 37 38 39 40 41 42 43 44 45 46 47 36 49 50
1 2 6 4 19 3 7 8 9 15 11 38 13 14 10 16 17 18 5 20 21 22 35 24 25 26 27 28 29 30 31 32 33 34 23 36 37 12 39 40 41 42 43 44 45 46 47 48 49 50
1 22 3 4 5 6 7 8 33 10 11 12 13 14 15 16 17 18 19 20 30 2 23 24 25 26 27 46 29 21 43 45 9 34 35 36 37 38 39 40 41 42 31 44 32 28 47 48 49 50
2 1 3 4 5 6 7 8 9 10 11 12 13 14 15 24 17 18 19 43 21 22 23 16 25 26 27 28 29 30 31 32 33 34 35 36 37 38 39 40 41 42 20 44 45 46 47 48 49 50
1 2 3 4 5 6 7 8 9 10 11 12 13 14 15 16 17 18 19 20 25 22 23 24 21 27 26 28 29 30 31 32 33 34 35 36 37 38 39 40 41 42 43 44 45 46 47 48 49 50
1 2 3 4 5 6 7 8 9 10 11 12 13 14 15 16 17 18 19 20 21 22 23 24 35 26 27 28 29 30 48 32 33 34 25 36 37 38 39 40 41 42 43 44 45 46 47 31 49 50
1 2 3 4 5 6 7 8 9 10 11 12 13 14 15 16 17 18 19 44 21 22 23 24 25 26 27 28 29 30 31 32 33 34 35 36 37 38 39 40 41 42 43 20 45 46 47 48 49 50
1 6 3 39 5 2 50 14 9 22 11 12 13 8 15 16 17 18 19 20 21 10 47 24 25 26 27 28 29 30 31 32 33 34 35 36 37 38 4 40 41 42 43 44 45 46 23 48 49 7
1 2 3 4 5 6 31 39 9 10 11 12 29 14 15 30 17 18 19 20 21 22 23 24 25 26 27 28 13 16 7 32 33 34 47 49 37 38 8 40 41 42 43 44 45 46 35 48 36 50
1 27 3 4 5 6 7 8 9 12 11 10 13 14 15 16 17 18 19 48 21 22 47 24 43 26 2 28 42 30 31 32 33 34 35 36 37 38 45 40 41 29 25 44 39 46 23 20 49 50
1 2 3 4 5 6 7 8 9 10 11 12 13 14 15 16 17 18 19 20 21 22 23 24 25 26 27 28 29 30 31 32 33 34 35 36 37 38 39 40 41 42 43 49 45 46 47 48 44 50
1 50 3 26 5 6 7 8 9 10 11 12 13 14 15 16 17 18 19 20 21 41 23 24 25 4 27 28 29 30 31 32 33 34 35 36 37 38 39 40 22 42 43 44 45 46 47 48 49 2
1 2 3 4 5 6 7 8 9 10 11 17 13 14 15 16 12 18 19 20 21 43 23 24 25 26 27 28 29 30 31 32 33 34 35 36 37 38 39 40 41 42 22 44 45 46 47 48 49 50
1 29 3 4 5 7 6 8 9 10 11 12 13 14 15 16 17 18 19 20 21 22 23 24 25 26 27 28 2 30 31 43 33 34 35 36 37 38 39 40 41 42 32 44 45 46 47 48 49 50
1 2 3 4 5 6 7 8 9 46 11 12 13 14 15 16 17 18 19 32 21 22 23 24 25 26 27 28 29 30 37 20 47 34 35 36 31 38 39 40 41 45 43 44 42 10 33 48 49 50
1 2 3 4 5 6 14 8 9 10 11 12 13 7 15 16 17 18 19 20 21 22 23 24 25 26 37 28 29 30 40 33 32 34 35 36 27 38 39 31 41 42 43 44 45 46 47 48 49 50
1 22 3 4 5 6 7 8 9 10 11 12 13 14 15 16 17 18 19 20 21 2 23 24 25 50 27 28 29 30 31 32 33 34 35 40 37 38 39 36 41 42 43 44 45 46 47 48 49 26
1 2 3 7 5 6 4 8 9 10 11 39 13 14 15 16 17 18 19 20 21 22 23 24 25 26 27 28 29 30 31 32 33 34 35 36 37 38 12 40 41 42 43 44 45 46 47 48 49 50
1 2 3 4 5 22 7 8 9 10 11 43 13 30 15 16 17 18 39 35 21 6 23 24 25 26 27 28 29 14 31 32 33 34 20 36 37 38 19 40 41 42 12 44 45 46 47 48 49 50
1 2 3 4 5 6 30 40 9 10 11 12 13 14 15 16 17 18 19 20 21 22 31 24 25 26 27 50 29 7 23 32 33 49 35 36 37 38 39 8 41 42 43 44 45 46 47 48 34 28
1 2 3 4 16 6 7 8 9 10 11 35 13 14 15 5 17 18 19 20 21 22 43 24 25 26 27 28 29 30 31 32 33 34 12 36 37 38 39 40 41 42 23 44 45 46 47 48 49 50
3 2 1 37 5 6 7 25 9 10 11 19 39 35 47 16 17 18 12 20 21 22 23 24 8 48 27 28 29 30 31 32 33 34 14 36 4 38 13 40 41 42 43 44 45 46 15 26 49 50
48 5 3 4 2 24 7 50 9 10 11 12 13 14 15 16 17 26 19 20 21 22 28 6 25 18 27 23 29 30 31 32 33 34 35 36 37 38 39 40 41 42 43 44 45 46 47 1 49 8
1 2 3 4 5 10 7 8 9 6 11 12 13 14 15 16 17 18 19 20 21 30 23 24 25 26 27 28 29 22 31 32 34 33 35 36 37 38 39 40 41 42 43 50 45 46 47 48 49 44
1 2 3 4 5 20 7 8 9 10 11 12 38 14 15 16 17 18 19 6 24 22 23 21 25 26 27 28 29 30 31 32 33 34 35 36 37 13 39 40 41 42 43 44 45 46 47 48 49 50
1 2 19 4 12 6 7 31 9 10 11 5 13 37 15 16 17 18 3 20 21 22 23 24 25 26 27 28 29 30 8 32 33 34 35 36 14 38 39 40 41 42 43 44 45 46 47 48 49 50
1 2 3 4 5 6 7 8 9 10 49 12 13 14 15 16 17 18 19 20 21 22 23 24 25 26 40 28 38 30 31 32 33 34 35 36 37 29 39 27 41 42 43 44 45 46 47 48 11 50
1 2 3 4 5 6 7 8 9 10 11 12 13 14 15 16 17 18 19 20 21 22 23 24 25 26 35 46 29 30 31 32 33 34 27 36 37 38 39 40 41 42 43 44 45 28 47 48 49 50
27 2 3 4 5 6 7 8 9 10 11 12 13 14 15 16 17 18 19 20 21 22 45 24 25 26 1 28 29 30 31 32 33 34 35 36 37 38 39 40 41 42 43 44 23 46 47 48 49 50
34 2 3 4 5 6 7 8 9 10 11 12 13 14 15 16 33 18 19 20 31 22 23 24 30 26 32 28 29 25 21 27 17 1 35 42 37 38 41 40 39 36 43 44 45 46 47 48 49 50
1 2 3 4 5 6 7 8 9 10 32 12 13 14 15 16 17 18 19 20 21 22 23 44 25 26 27 28 29 30 31 11 33 34 35 36 37 38 39 40 41 42 43 24 45 46 47 48 49 50
1 2 3 4 5 6 7 8 9 10 11 12 13 14 15 21 17 18 19 20 16 22 23 24 25 26 27 29 28 30 31 32 33 34 35 36 37 42 39 45 41 38 43 44 40 46 47 48 49 50
1 2 3 4 5 6 7 8 9 10 11 12 13 14 15 16 17 18 23 22 21 20 19 24 25 26 27 28 50 30 31 32 45 34 35 36 37 44 39 40 41 42 43 38 33 46 47 48 49 29
1 2 3 4 5 38 7 8 9 16 11 12 13 41 15 10 17 18 24 42 21 22 23 19 25 26 27 28 46 30 31 32 33 34 35 36 37 6 39 40 14 20 43 44 45 29 47 48 49 50
1 2 3 17 5 6 7 8 9 10 11 12 13 14 40 16 4 18 46 20 21 22 23 24 25 26 27 28 29 30 31 32 33 34 35 36 37 38 39 15 41 42 43 44 45 19 47 48 49 50
1 40 3 4 5 6 7 8 28 10 11 12 13 14 15 16 17 18 19 20 36 22 23 24 25 26 27 9 29 30 45 48 33 34 35 21 37 38 39 2 41 42 43 44 31 46 47 32 49 50
31 2 3 4 5 6 48 8 47 10 11 12 13 14 15 16 17 18 40 20 21 22 23 24 25 26 27 28 29 30 1 32 33 34 35 36 37 38 39 19 41 42 43 44 45 46 9 7 49 50
1 2 3 4 5 14 7 8 9 10 11 12 13 6 15 16 17 48 19 20 21 22 45 24 25 26 27 28 29 30 31 32 33 34 35 36 37 38 39 40 41 42 43 44 23 46 47 18 49 50
1 2 3 4 5 34 7 8 9 10 11 12 13 14 15 20 17 18 19 16 21 22 23 24 25 26 27 28 29 30 31 32 33 6 35 36 37 38 39 44 41 42 43 40 45 46 47 48 49 50
1 2 48 10 5 6 7 8 9 4 11 12 40 14 15 21 17 27 19 20 16 22 23 24 25 26 18 28 29 30 31 32 33 34 35 36 37 49 39 13 41 42 43 44 45 46 47 3 38 50
1 2 3 4 10 6 7 8 9 5 11 12 13 14 15 16 17 18 19 20 21 22 23 24 36 26 27 28 29 30 31 32 33 34 35 25 37 38 39 40 41 42 43 44 45 46 47 48 49 50
1 2 3 4 5 6 7 36 9 10 26 12 13 14 15 16 17 18 19 20 21 22 23 24 25 11 27 28 29 30 31 47 33 34 35 8 37 38 39 40 41 42 43 44 45 46 32 48 49 50
1 2 3 14 5 6 39 8 9 10 36 12 13 4 15 16 17 18 19 20 21 22 23 24 25 26 27 28 38 30 31 32 33 34 35 11 37 29 7 40 41 42 43 44 45 46 47 48 49 50
27 2 3 4 5 6 7 8 9 16 11 12 13 14 15 10 17 18 19 20 21 22 23 24 25 26 1 28 29 36 31 32 33 34 35 30 37 38 39 40 41 42 43 44 45 46 47 48 49 50
10 2 3 4 5 6 7 8 9 1 11 12 13 14 15 16 17 18 19 20 21 22 23 24 43 26 27 50 29 30 31 32 33 34 35 36 37 38 39 40 41 42 25 44 45 46 47 48 49 28
34 2 3 4 5 6 7 8 9 10 25 12 13 14 15 16 17 18 19 20 21 22 23 24 11 26 27 28 29 30 31 32 33 1 35 36 37 38 39 40 41 42 43 44 45 46 47 48 49 50
1 2 3 4 5 11 7 10 9 8 6 12 18 14 30 16 17 13 19 39 21 31 23 24 25 26 27 28 29 15 22 32 33 34 35 36 37 38 20 40 41 42 43 44 45 46 47 48 49 50
1 2 3 40 8 6 7 5 10 9 16 12 13 14 15 11 17 18 26 20 21 23 22 24 31 19 27 28 29 30 25 32 33 34 35 36 37 38 39 4 41 42 43 44 45 46 47 48 49 50
1 2 3 4 5 6 7 8 11 10 9 12 13 14 15 16 17 18 19 20 21 22 23 24 25 48 27 28 29 30 43 44 38 34 35 36 37 33 45 40 41 42 31 32 39 46 47 26 49 50
31 2 28 4 5 39 7 8 9 29 11 12 13 14 15 16 17 18 19 49 21 22 23 24 25 26 27 3 10 30 1 32 33 34 35 36 37 38 6 40 41 42 43 44 45 46 47 48 20 50
1 2 3 4 5 6 7 8 9 10 41 12 13 14 17 16 15 18 19 20 21 22 23 31 34 26 27 28 29 30 24 32 33 25 35 36 37 38 39 40 11 42 43 44 45 46 47 48 49 50
1 2 49 4 5 6 7 8 9 10 11 12 13 14 15 16 17 18 19 20 21 22 23 24 25 33 27 28 29 30 31 32 26 34 35 36 37 38 39 40 41 42 43 44 45 46 47 48 3 50
11 44 3 4 37 6 7 8 9 10 1 12 13 14 15 16 17 18 19 20 21 45 23 24 39 26 27 28 29 50 31 32 33 34 35 36 5 38 25 40 41 42 43 2 22 46 47 48 49 30
1 2 6 4 5 3 7 8 48 10 11 12 13 14 49 16 17 18 19 20 21 32 23 24 25 26 27 28 29 30 31 22 33 34 35 36 37 38 39 40 41 42 43 44 45 46 47 9 15 50
1 2 3 4 5 6 7 8 9 40 21 12 13 26 15 16 48 18 19 20 11 22 23 24 25 14 27 28 29 30 31 32 33 34 35 36 37 44 39 10 41 42 43 38 45 46 47 17 49 50
1 2 45 46 5 6 7 8 9 10 11 12 38 50 15 16 17 18 19 20 25 22 23 24 21 26 27 28 29 30 31 32 33 34 35 36 37 13 39 40 41 42 43 44 3 4 47 48 49 14
1 2 3 4 5 12 7 8 9 10 11 6 13 14 15 16 17 18 19 20 21 22 23 24 26 25 27 28 50 30 31 32 33 34 35 36 37 38 39 40 41 42 43 44 45 46 47 48 49 29
1 2 3 4 5 6 7 8 9 10 11 12 13 14 15 16 17 40 19 20 21 22 23 24 25 26 27 28 29 30 31 38 33 34 35 41 37 32 39 18 36 42 43 44 45 46 47 48 49 50
1 2 3 4 17 6 7 8 9 10 11 12 13 38 15 16 5 18 19 20 21 22 23 24 25 26 27 28 29 30 31 32 33 34 35 36 37 14 39 40 41 42 43 44 45 46 47 48 49 50
777