50
50
6
1 2 16 4 5 6 20 8 9 10 11 12 24 14 15 3 17 18 19 7 21 22 36 13 25 26 29 28 27 39 31 32 33 34 35 23 37 38 30 40 41 42 43 44 45 46 47 48 49 50
1 2 3 46 5 6 7 8 36 29 11 12 42 49 15 16 23 18 19 20 21 22 17 47 25 26 50 39 10 43 31 32 33 34 35 9 37 38 28 40 41 13 30 44 45 4 24 48 14 27
1 2 17 4 5 6 31 8 22 10 50 12 13 14 15 26 3 18 43 20 41 9 23 24 25 16 27 28 32 30 7 29 39 34 35 36 37 38 33 49 21 42 19 44 45 46 47 48 40 11
48 2 8 4 5 6 13 3 21 10 11 15 7 14 12 16 17 18 24 20 9 22 23 19 25 26 27 45 41 30 31 32 50 34 35 36 37 38 39 40 29 42 43 44 28 46 47 1 49 33
48 24 3 4 5 6 7 8 19 10 11 12 13 14 15 29 26 18 9 20 21 46 23 2 25 17 41 28 16 30 31 32 33 34 35 36 37 38 39 40 27 42 43 44 45 22 47 1 49 50
1 11 3 7 5 6 4 33 9 10 2 12 13 19 15 16 17 18 14 41 21 22 23 24 25 26 27 28 29 30 31 32 8 34 35 36 37 38 39 40 20 42 43 44 45 46 47 48 49 50
1 2 3 35 33 6 7 8 9 32 15 12 13 14 11 16 17 18 19 20 21 38 23 24 25 26 41 28 29 30 31 10 5 34 4 36 37 22 42 40 27 39 43 44 45 46 47 48 49 50
1 2 3 4 5 6 7 8 16 10 11 13 12 44 15 9 17 18 39 20 34 22 27 24 25 30 23 28 29 26 35 40 33 21 31 36 37 38 19 32 45 42 43 14 41 49 47 48 46 50
50 2 22 4 5 16 7 8 9 10 11 14 13 12 15 6 17 18 36 46 21 3 38 24 25 26 27 28 29 30 31 42 33 34 45 19 37 23 39 40 41 32 43 44 35 20 47 48 49 1
1 2 3 4 22 15 26 8 9 31 11 35 13 14 6 16 23 18 19 20 21 5 17 24 25 7 27 28 29 30 10 32 33 34 12 41 37 38 39 40 36 42 43 44 45 46 47 48 49 50
1 2 3 31 30 6 7 8 32 10 11 12 13 14 15 16 17 18 24 20 43 49 23 19 25 48 27 28 37 5 4 9 33 34 35 36 29 38 39 40 41 42 21 44 45 46 47 26 22 50
1 29 3 32 6 5 18 8 9 10 31 12 13 22 15 16 28 7 19 20 21 14 23 24 25 39 27 17 2 30 11 4 33 43 49 36 44 38 26 40 41 42 34 37 50 46 47 48 35 45
1 2 33 4 5 6 35 8 9 10 11 18 13 14 15 16 17 12 20 19 47 22 23 24 25 26 27 39 29 30 31 32 3 34 7 36 37 38 28 40 42 41 43 44 45 46 21 48 49 50
12 2 3 4 31 6 7 24 9 10 11 1 13 14 15 16 18 17 19 47 21 22 23 8 42 26 27 28 29 45 5 32 33 34 35 36 37 38 39 40 50 25 43 44 30 46 20 48 49 41
35 2 3 22 5 6 15 17 9 12 11 10 13 44 7 16 8 19 18 20 21 4 23 24 25 26 27 42 29 34 31 32 33 30 1 36 37 38 39 40 41 28 43 14 45 46 47 48 49 50
1 2 26 4 5 6 7 8 9 10 49 45 13 14 15 16 17 41 19 20 21 22 31 24 25 3 40 28 30 29 23 32 33 34 35 36 37 38 39 27 18 42 43 44 12 46 47 48 11 50
16 2 3 4 5 6 7 12 41 10 40 8 13 27 15 1 47 18 39 20 50 22 23 24 43 26 14 28 46 30 31 32 33 34 35 36 37 49 19 11 9 42 25 44 45 29 17 48 38 21
1 45 41 19 5 6 31 43 9 10 11 12 13 14 15 16 17 18 4 20 21 22 47 24 34 36 49 28 29 30 7 32 33 25 39 26 37 38 35 40 3 42 8 44 2 46 23 48 27 50
1 2 42 30 5 6 7 8 9 10 14 12 13 11 15 39 17 18 19 20 21 22 23 24 25 26 27 28 29 4 31 32 33 44 35 47 37 38 16 40 41 3 43 34 45 46 36 48 49 50
1 2 29 4 5 6 47 8 9 10 36 12 34 14 44 16 28 18 19 40 21 22 23 24 25 26 27 17 3 35 31 32 33 13 30 11 37 38 39 20 41 42 43 15 45 46 7 48 49 50
1 2 3 26 31 6 7 8 9 10 11 12 13 14 30 38 17 18 19 20 21 43 23 24 25 4 27 34 48 15 5 32 33 28 35 36 37 16 39 40 41 42 22 44 45 46 47 29 49 50
1 2 18 16 5 6 7 8 9 26 22 12 13 14 15 4 17 3 19 20 21 11 23 24 25 10 27 32 45 30 37 28 33 34 35 36 31 38 39 40 49 42 43 44 29 46 47 48 41 50
1 23 6 29 5 3 7 8 9 10 11 12 47 14 17 16 15 18 19 48 21 22 2 24 25 26 32 28 4 30 31 27 33 34 35 36 37 38 39 40 41 42 44 43 45 46 13 20 49 50
50 2 3 4 36 6 7 47 9 10 43 12 13 26 15 16 17 18 46 20 21 22 23 30 25 14 27 28 29 24 31 32 33 34 35 5 37 38 45 40 41 49 11 44 39 19 8 48 42 1
1 28 26 4 5 6 7 8 9 46 11 12 13 14 15 50 17 18 19 20 21 22 23 24 25 3 27 2 29 30 31 32 33 34 35 36 37 38 39 40 41 42 43 44 45 10 47 48 49 16
1 2 3 4 46 25 7 8 9 10 11 12 13 14 15 16 17 18 45 20 21 50 23 24 6 26 27 28 49 30 31 32 33 34 35 39 37 38 36 40 41 48 43 44 19 5 47 42 29 22
1 2 3 4 5 6 7 47 38 10 22 12 13 14 45 16 17 46 19 20 21 11 23 24 25 26 28 27 29 30 31 32 33 34 35 36 37 9 39 40 41 42 43 44 15 18 8 48 49 50
5 24 38 4 1 6 7 28 29 27 11 15 13 14 12 16 17 18 19 20 21 49 34 2 25 26 10 8 9 30 31 32 33 23 46 36 37 3 39 40 41 42 43 44 45 35 47 48 22 50
1 2 3 28 5 6 7 8 48 10 25 40 45 14 23 16 17 44 46 20 21 22 15 24 11 38 27 4 29 30 31 32 33 34 35 36 37 26 39 12 41 47 43 18 13 19 42 9 49 50
1 45 3 4 48 21 7 8 9 25 11 34 13 14 22 16 17 33 20 19 6 15 23 24 10 26 27 28 29 30 38 32 18 12 35 36 37 31 39 40 41 42 43 44 2 46 47 5 49 50
1 2 3 7 5 13 4 8 9 50 11 12 6 14 15 16 48 36 30 20 21 22 23 24 25 26 27 28 42 19 31 32 33 34 35 18 37 49 39 40 41 29 43 44 45 46 47 17 38 10
1 2 9 8 5 41 24 4 3 10 40 12 13 14 32 17 16 18 19 20 21 22 23 7 25 26 27 28 29 30 31 15 33 49 35 36 37 38 39 11 6 42 45 44 43 46 47 48 34 50
34 2 3 4 5 22 7 8 9 50 11 30 13 14 15 17 16 18 19 20 21 6 23 31 25 26 41 28 29 12 24 32 33 1 35 36 37 40 39 38 27 42 43 44 45 46 47 48 49 10
2 1 3 4 45 6 7 8 9 10 48 12 13 14 15 16 26 33 19 20 25 22 23 47 21 17 27 43 29 30 31 32 18 40 35 36 37 44 39 34 46 42 28 38 5 41 24 11 49 50
28 2 3 4 5 6 7 8 9 10 11 12 13 14 29 16 17 18 19 20 21 22 36 24 25 26 27 1 15 30 33 48 31 34 40 23 39 38 37 35 41 42 43 44 45 46 47 32 49 50
1 31 3 39 5 6 7 8 9 22 12 11 13 14 15 16 37 24 19 20 21 10 23 18 25 26 27 28 50 30 2 32 33 34 35 36 17 38 4 40 41 42 43 44 45 46 47 48 49 29
42 45 3 25 5 6 31 10 9 8 11 12 36 14 15 16 17 29 19 20 21 22 23 33 4 26 27 28 18 30 7 32 24 34 35 13 37 48 39 40 41 1 43 44 2 46 47 38 49 50
1 2 3 4 6 5 50 8 9 10 11 22 42 14 32 16 17 18 19 28 25 12 23 24 21 26 27 20 29 30 31 15 33 34 35 36 37 38 39 40 41 13 43 44 45 48 47 46 49 7
1 2 16 4 5 6 7 8 9 10 11 12 13 14 15 3 31 18 30 38 21 22 23 24 25 26 27 28 29 19 17 44 33 34 35 36 37 20 39 40 41 42 43 32 45 46 47 48 49 50
1 36 3 4 5 6 7 8 9 10 11 12 13 41 15 30 17 18 19 20 21 22 31 24 25 26 46 28 29 16 23 32 33 34 35 2 37 38 50 40 14 42 43 44 45 27 47 48 49 39
1 2 36 4 30 6 40 8 9 10 11 12 13 14 15 16 17 18 19 20 21 22 23 24 25 47 46 28 37 5 31 32 33 34 35 3 29 38 39 7 41 42 43 44 45 27 26 48 49 50
1 2 3 4 5 6 13 8 9 10 49 12 7 14 15 16 17 18 19 20 21 22 23 24 29 26 41 28 25 30 31 32 33 34 35 36 37 38 39 40 27 42 43 44 45 46 47 48 11 50
26 2 3 4 5 6 7 8 9 10 46 40 32 14 15 44 17 18 19 20 21 22 23 24 43 1 27 42 29 33 31 13 30 34 35 36 37 38 39 12 41 28 25 16 45 11 47 48 49 50
1 2 3 23 5 47 32 8 9 10 11 20 13 14 33 16 17 18 19 12 21 24 4 22 25 26 27 39 29 31 30 7 15 34 35 36 37 38 28 40 41 42 43 44 45 46 6 48 49 50
1 42 3 4 5 7 6 8 9 10 24 12 15 14 13 16 19 18 17 20 21 41 29 11 25 26 38 28 23 46 31 32 34 33 35 36 37 27 39 40 22 2 43 44 45 30 47 48 49 50
24 2 3 35 16 6 30 8 9 22 11 12 13 14 27 5 17 18 19 34 36 10 37 1 26 25 15 28 39 7 31 32 33 20 4 21 23 38 29 40 41 42 43 44 45 50 47 48 49 46
1 2 3 4 30 17 7 8 9 10 11 12 26 14 15 16 6 18 31 20 21 22 23 24 25 13 27 28 47 5 19 32 37 34 35 36 33 38 39 40 41 42 43 44 45 46 29 48 49 50
1 2 3 4 17 6 7 8 24 18 32 12 47 14 15 16 5 10 34 20 21 22 23 9 25 26 27 28 29 46 31 11 33 19 35 48 37 50 39 40 41 42 43 44 45 30 13 36 49 38
1 2 3 4 45 6 7 8 9 38 29 12 13 14 15 16 50 18 31 20 21 22 23 24 25 26 27 28 11 30 19 32 33 36 35 34 37 10 39 46 41 42 43 44 5 40 47 48 49 17
8 2 20 4 16 6 47 1 9 10 11 12 13 14 35 5 17 18 19 3 21 22 23 24 25 26 33 28 29 30 44 32 27 34 15 36 37 38 39 40 41 42 43 31 45 46 7 48 49 50
777