50
50
6
1 2 3 4 5 6 7 8 9 10 11 12 13 14 15 16 17 18 19 20 21 22 23 24 25 26 27 28 29 30 31 32 33 34 35 36 37 48 39 40 41 42 43 44 45 46 47 38 49 50
1 2 3 4 5 6 7 8 41 10 11 12 13 14 15 16 17 18 19 20 21 22 23 32 25 26 27 28 29 30 31 24 33 50 35 36 37 38 39 40 9 42 43 44 45 46 47 48 49 34
1 2 3 4 5 6 43 8 9 10 11 18 13 14 15 16 17 12 19 20 21 22 23 24 25 26 27 28 29 30 31 32 33 34 37 36 35 38 39 40 41 42 7 44 45 46 47 48 49 50
1 2 3 4 5 6 7 8 9 10 11 12 13 14 30 16 17 18 19 22 21 20 23 24 25 26 27 28 29 15 31 47 33 34 35 36 37 38 39 40 41 42 43 44 45 46 32 48 49 50
1 46 3 4 5 6 7 30 9 10 13 12 11 43 15 16 17 18 19 25 21 22 23 24 20 41 27 28 29 8 31 32 33 34 35 36 37 38 39 40 26 42 14 44 45 2 47 48 49 50
1 2 3 4 5 6 7 8 9 10 11 12 13 14 15 16 17 18 19 36 21 22 23 24 25 26 27 28 29 47 31 44 33 34 35 20 37 38 39 40 41 42 43 32 45 46 30 48 49 50
1 2 3 4 5 6 7 8 9 10 11 12 44 14 15 16 17 18 19 20 21 22 23 24 25 26 27 28 29 30 31 32 33 34 35 36 37 38 39 40 41 42 43 13 45 46 47 48 49 50
1 2 3 4 5 6 7 8 9 10 11 12 13 14 15 16 17 18 19 20 21 22 23 41 25 26 27 28 29 30 31 32 33 34 35 36 37 38 39 40 24 42 43 44 45 46 47 48 49 50
1 2 3 4 5 6 7 8 9 34 11 12 13 14 15 16 48 18 19 46 21 25 23 24 22 26 27 28 29 30 31 32 33 10 35 36 37 38 39 40 41 42 43 44 45 20 47 17 49 50
1 23 3 4 5 6 27 8 9 10 11 12 13 14 15 16 17 18 19 20 21 22 2 24 25 26 7 28 29 30 31 32 33 34 35 36 37 38 39 40 41 42 43 44 45 46 47 48 49 50
1 2 3 4 5 6 7 8 9 10 11 12 13 14 38 16 17 18 19 20 21 22 23 24 25 26 27 28 29 30 39 32 33 34 35 36 37 15 31 40 41 42 43 44 45 46 47 48 49 50
1 2 3 4 5 6 7 8 9 10 11 12 13 14 15 19 17 18 16 20 21 22 23 24 25 26 27 28 29 30 31 32 33 34 35 37 36 38 39 40 43 42 41 44 45 46 47 48 49 50
1 2 3 4 5 6 7 8 9 38 11 12 13 14 15 16 17 18 19 20 21 22 23 24 25 44 27 28 29 30 31 32 33 34 35 36 37 10 39 40 41 42 43 26 45 46 47 48 49 50
1 2 3 4 5 6 7 8 9 10 11 12 26 14 15 16 17 18 19 20 21 22 23 24 25 13 27 28 29 30 31 32 33 34 35 36 37 38 39 40 41 42 43 44 45 46 47 48 49 50
27 2 3 4 5 6 7 8 9 10 11 12 13 14 15 16 17 18 19 20 21 22 23 24 25 26 1 28 29 30 31 32 44 34 35 36 37 38 39 40 41 42 43 33 45 46 47 48 49 50
1 2 3 4 5 6 7 8 9 10 11 12 13 14 15 16 17 18 19 39 21 22 23 24 25 26 27 28 29 30 31 32 33 34 35 36 37 38 20 40 41 42 43 44 45 46 47 48 49 50
1 2 3 4 5 6 7 8 9 10 11 12 13 14 15 16 17 18 19 20 21 22 23 24 25 26 27 28 29 30 31 32 33 34 35 36 37 38 39 40 41 42 43 44 45 46 47 48 49 50
1 2 3 4 5 6 7 8 9 10 11 12 13 15 14 16 17 18 19 20 21 22 23 24 25 26 27 28 29 30 31 32 33 34 35 36 37 38 39 40 41 42 43 44 45 46 49 48 47 50
1 2 3 4 5 6 45 8 39 10 11 12 13 14 15 16 25 18 19 20 21 22 23 24 17 38 27 28 29 30 31 32 33 34 35 36 43 26 9 40 41 42 37 44 7 46 47 48 49 50
1 2 3 4 5 6 7 8 9 10 11 12 13 14 15 16 17 18 19 20 21 22 23 24 25 26 27 28 29 30 31 32 33 34 35 36 44 38 39 40 41 42 43 37 45 46 47 48 49 50
1 2 3 4 5 21 7 8 9 10 11 12 50 14 15 16 17 18 19 20 6 22 23 24 25 26 27 28 29 30 31 32 33 34 35 36 37 38 39 40 41 42 43 44 45 46 47 48 49 13
1 2 3 4 5 6 7 8 9 10 11 12 13 14 15 16 17 18 19 20 47 22 23 24 25 26 27 29 28 30 31 32 33 34 35 36 37 38 39 40 41 42 43 44 45 46 21 48 49 50
1 2 3 4 5 6 7 8 9 10 11 12 13 14 15 16 30 18 19 20 21 22 23 24 25 26 27 28 29 17 31 32 33 34 35 36 37 38 39 40 41 42 43 44 45 46 47 48 49 50
1 2 3 4 5 6 7 8 9 10 11 12 13 14 15 16 17 18 19 20 21 22 23 24 25 26 27 28 29 30 31 32 33 34 35 36 37 38 39 40 41 42 43 44 45 46 47 48 49 50
1 2 3 4 5 6 7 8 9 27 11 12 13 14 15 16 17 38 19 20 21 22 23 24 25 26 10 28 29 30 31 32 33 34 35 36 46 18 39 40 41 42 43 44 45 37 47 48 49 50
1 2 3 4 5 6 7 8 28 10 46 12 13 14 15 16 17 18 19 20 21 22 23 24 25 26 27 9 29 30 35 32 33 34 31 36 37 38 39 40 41 42 43 44 45 11 47 48 49 50
1 2 3 4 5 6 7 8 9 10 11 12 13 14 15 16 30 18 19 20 21 22 23 24 25 26 27 28 29 17 31 32 33 34 35 36 37 38 39 40 41 42 43 44 45 46 47 48 49 50
1 2 3 4 5 6 7 8 9 10 11 12 13 14 15 16 17 18 19 20 21 24 23 22 25 26 27 31 29 30 28 32 33 34 35 36 37 38 39 40 41 42 43 44 45 46 47 48 49 50
1 2 3 4 5 6 7 8 29 10 11 12 13 14 15 16 17 18 19 20 21 22 23 24 49 26 27 28 9 30 31 32 33 34 35 36 37 38 39 40 41 42 43 44 45 46 47 48 25 50
1 2 3 4 5 6 7 8 9 10 11 12 13 14 15 16 17 18 19 20 21 22 23 24 25 26 27 28 29 30 31 32 33 34 35 36 37 38 39 40 41 42 43 44 45 46 47 48 49 50
1 2 3 4 5 6 7 8 41 10 50 12 13 14 15 16 17 18 19 20 21 22 23 24 25 26 27 28 29 30 31 32 33 34 35 36 37 38 39 40 9 42 43 44 45 46 47 48 49 11
1 16 3 4 5 6 7 8 9 10 50 12 13 14 15 2 17 18 19 20 21 22 23 24 25 26 27 28 46 30 31 32 33 34 35 36 37 38 39 40 41 42 43 44 45 29 47 48 49 11
1 2 3 4 5 6 7 8 9 10 31 12 28 14 15 16 17 18 19 20 21 22 23 24 25 26 27 13 29 30 11 32 34 33 35 36 37 38 39 40 41 42 43 44 45 46 47 48 49 50
1 2 3 4 5 6 7 8 9 10 11 12 13 14 15 16 31 18 19 20 21 22 23 24 25 26 27 28 29 30 17 32 49 34 35 36 37 38 39 40 41 42 43 44 45 46 47 48 33 50
1 2 3 4 5 6 7 8 9 10 11 12 13 14 15 16 17 18 19 20 21 22 23 24 25 26 49 28 29 30 31 32 33 34 35 36 37 38 39 40 41 42 43 44 45 46 47 48 27 50
1 2 3 4 5 6 7 8 9 10 11 12 13 14 15 16 17 18 19 20 21 22 23 24 25 26 27 28 29 30 31 32 33 34 35 36 37 38 39 40 41 42 43 44 45 46 47 48 49 50
1 2 3 4 5 6 7 8 9 10 34 12 13 14 15 16 17 18 19 20 21 22 23 24 25 26 27 28 29 30 31 32 33 11 35 36 37 38 39 40 41 42 43 44 45 46 47 48 49 50
1 2 3 4 5 6 7 8 9 10 11 50 20 14 15 16 17 18 19 13 21 22 23 45 25 43 27 28 29 30 31 32 33 34 35 36 37 38 39 40 41 42 26 44 24 46 47 48 49 12
1 2 3 4 5 6 7 8 9 10 11 12 13 14 15 16 17 18 19 35 21 22 23 24 25 26 27 28 29 30 31 32 50 34 20 36 37 38 39 40 41 42 43 44 45 46 47 48 49 33
1 2 3 4 5 6 7 8 9 10 11 12 13 14 15 16 17 18 19 20 21 22 23 24 25 26 27 28 29 30 31 32 33 34 35 36 37 38 39 40 41 42 43 44 45 46 47 48 49 50
1 2 3 4 5 6 7 8 9 10 11 49 13 14 15 16 17 18 19 20 21 22 23 24 25 26 27 28 29 30 31 32 33 34 35 36 37 38 39 40 41 42 43 44 45 46 47 48 12 50
1 2 3 4 5 6 15 8 9 10 11 12 13 14 7 16 17 18 19 20 35 22 23 24 25 26 27 28 29 30 31 32 33 34 21 36 37 38 39 40 41 42 43 44 45 46 47 48 49 50
1 2 3 4 5 6 7 8 9 10 11 12 13 14 15 16 17 18 50 20 21 22 23 24 25 26 27 28 29 30 31 32 33 34 35 36 37 38 39 40 41 42 43 44 45 48 47 46 49 19
1 2 3 4 23 6 7 8 50 10 20 12 13 14 15 16 17 18 19 11 21 22 5 28 25 26 27 24 29 30 31 32 33 34 35 36 37 38 39 40 41 42 43 44 45 46 47 48 49 9
1 2 3 4 5 6 7 8 9 10 11 12 48 14 21 16 17 18 19 20 15 30 23 24 25 26 27 28 29 22 31 32 33 34 35 36 37 38 39 40 41 42 43 44 45 46 47 13 49 50
1 2 3 4 5 6 7 8 9 10 11 12 13 14 15 16 17 18 37 20 21 22 23 24 25 26 27 28 49 30 35 32 33 34 31 36 19 38 39 40 41 42 43 44 45 46 47 48 29 50
1 2 3 4 24 6 7 8 9 10 11 12 13 14 15 16 17 18 19 20 21 22 23 5 25 26 27 28 29 30 31 32 33 34 35 36 37 38 39 40 41 42 43 44 45 46 47 48 49 50
1 2 3 4 5 6 7 8 9 10 11 12 13 14 24 16 17 18 19 20 21 30 23 15 25 26 27 28 29 22 31 32 33 34 35 36 37 38 39 40 41 42 43 44 45 46 47 48 49 50
1 2 3 4 5 6 7 8 9 10 11 12 13 14 15 16 17 18 19 20 21 22 23 24 25 26 27 28 29 30 31 32 33 34 35 36 37 38 39 40 41 42 43 44 45 46 47 48 49 50
1 2 3 4 5 6 7 8 36 10 11 12 13 14 15 16 17 18 19 20 21 22 23 24 25 26 27 28 29 32 31 30 33 34 35 9 37 38 39 40 41 42 43 44 45 46 47 48 49 50
777